time,close,open,low,high
2022-03-01 09:31:00,70.361,70.34,70.26,70.37
2022-03-01 09:32:00,70.53,70.4,70.38,70.53
2022-03-01 09:33:00,70.66,70.49,70.49,70.69
2022-03-01 09:34:00,70.581,70.68,70.581,70.68
2022-03-01 09:35:00,70.6,70.63,70.58,70.65
2022-03-01 09:36:00,70.55,70.62,70.55,70.68
2022-03-01 09:37:00,70.52,70.55,70.47,70.59
2022-03-01 09:38:00,70.5,70.51,70.48,70.55
2022-03-01 09:39:00,70.43,70.5,70.43,70.53
2022-03-01 09:40:00,70.57,70.51,70.51,70.57
2022-03-01 09:41:00,70.59,70.51,70.44,70.59
2022-03-01 09:42:00,70.63,70.59,70.57,70.64
2022-03-01 09:43:00,70.81,70.63,70.62,70.84
2022-03-01 09:44:00,70.91,70.8,70.8,70.95
2022-03-01 09:45:00,70.9,70.93,70.86,70.97
2022-03-01 09:46:00,70.98,70.89,70.86,71.03
2022-03-01 09:47:00,70.93,70.97,70.85,70.97
2022-03-01 09:48:00,70.88,70.9,70.86,70.93
2022-03-01 09:49:00,70.99,70.9,70.9,70.99
2022-03-01 09:50:00,70.94,70.98,70.94,71.0
2022-03-01 09:51:00,70.86,70.92,70.86,70.97
2022-03-01 09:52:00,70.77,70.87,70.75,70.89
2022-03-01 09:53:00,70.75,70.73,70.69,70.77
2022-03-01 09:54:00,70.82,70.74,70.74,70.86
2022-03-01 09:55:00,70.86,70.87,70.86,70.87
2022-03-01 09:56:00,70.82,70.88,70.82,70.91
2022-03-01 09:57:00,70.85,70.84,70.75,70.9
2022-03-01 09:58:00,70.87,70.85,70.84,70.9
2022-03-01 09:59:00,70.83,70.95,70.83,70.95
2022-03-01 10:00:00,70.87,70.84,70.77,70.87
2022-03-01 10:01:00,70.77,70.8,70.77,70.83
2022-03-01 10:02:00,70.81,70.835,70.8,70.87
2022-03-01 10:03:00,70.92,70.9,70.9,71.02
2022-03-01 10:04:00,70.89,70.88,70.79,70.89
2022-03-01 10:05:00,70.86,70.855,70.81,70.87
2022-03-01 10:06:00,70.81,70.84,70.76,70.84
2022-03-01 10:07:00,70.69,70.78,70.69,70.78
2022-03-01 10:08:00,70.78,70.68,70.68,70.78
2022-03-01 10:09:00,70.84,70.78,70.78,70.92
2022-03-01 10:10:00,70.89,70.81,70.81,70.9
2022-03-01 10:11:00,70.94,70.97,70.94,71.15
2022-03-01 10:12:00,71.13,71.0,70.995,71.13
2022-03-01 10:13:00,71.07,71.14,71.07,71.19
2022-03-01 10:14:00,71.26,71.11,71.1,71.26
2022-03-01 10:15:00,71.22,71.19,71.19,71.22
2022-03-01 10:16:00,71.18,71.24,71.18,71.24
2022-03-01 10:17:00,71.12,71.16,71.08,71.17
2022-03-01 10:18:00,71.01,71.19,70.98,71.19
2022-03-01 10:19:00,70.57,70.99,70.5,70.99
2022-03-01 10:20:00,70.54,70.53,70.33,70.57
2022-03-01 10:21:00,70.2,70.58,70.18,70.58
2022-03-01 10:22:00,70.51,70.21,70.1,70.51
2022-03-01 10:23:00,70.49,70.5,70.45,70.52
2022-03-01 10:24:00,70.82,70.59,70.59,70.85
2022-03-01 10:25:00,70.89,70.83,70.83,70.98
2022-03-01 10:26:00,71.06,70.92,70.88,71.1
2022-03-01 10:27:00,70.91,71.05,70.91,71.06
2022-03-01 10:28:00,70.92,70.92,70.88,70.93
2022-03-01 10:29:00,70.94,70.94,70.92,70.98
2022-03-01 10:30:00,71.091,71.06,71.04,71.13
2022-03-01 10:31:00,71.24,71.1,71.06,71.29
2022-03-01 10:32:00,71.45,71.3,71.23,71.48
2022-03-01 10:33:00,71.4,71.41,71.29,71.41
2022-03-01 10:34:00,71.52,71.4,71.3,71.54
2022-03-01 10:35:00,71.53,71.54,71.48,71.58
2022-03-01 10:36:00,71.58,71.61,71.56,71.75
2022-03-01 10:37:00,71.48,71.59,71.45,71.61
2022-03-01 10:38:00,71.53,71.54,71.49,71.6
2022-03-01 10:39:00,71.46,71.48,71.34,71.48
2022-03-01 10:40:00,71.37,71.45,71.32,71.51
2022-03-01 10:41:00,71.52,71.38,71.3,71.53
2022-03-01 10:42:00,71.5,71.5,71.47,71.55
2022-03-01 10:43:00,71.49,71.53,71.45,71.57
2022-03-01 10:44:00,71.581,71.53,71.5,71.6
2022-03-01 10:45:00,71.86,71.59,71.56,71.86
2022-03-01 10:46:00,71.71,71.82,71.68,71.82
2022-03-01 10:47:00,71.68,71.66,71.66,71.77
2022-03-01 10:48:00,71.74,71.67,71.61,71.74
2022-03-01 10:49:00,71.79,71.8,71.7,71.8
2022-03-01 10:50:00,71.79,71.79,71.68,71.84
2022-03-01 10:51:00,71.92,71.79,71.78,71.95
2022-03-01 10:52:00,72.01,71.92,71.89,72.025
2022-03-01 10:53:00,72.01,72.02,71.92,72.16
2022-03-01 10:54:00,71.77,71.94,71.77,71.99
2022-03-01 10:55:00,71.65,71.77,71.64,71.77
2022-03-01 10:56:00,71.7,71.65,71.6,71.7
2022-03-01 10:57:00,71.64,71.71,71.64,71.78
2022-03-01 10:58:00,71.66,71.61,71.61,71.68
2022-03-01 10:59:00,71.49,71.681,71.47,71.685
2022-03-01 11:00:00,71.6,71.53,71.5,71.64
2022-03-01 11:01:00,71.61,71.55,71.51,71.61
2022-03-01 11:02:00,71.59,71.62,71.59,71.74
2022-03-01 11:03:00,71.73,71.65,71.64,71.73
2022-03-01 11:04:00,71.69,71.73,71.61,71.76
2022-03-01 11:05:00,71.59,71.61,71.57,71.62
2022-03-01 11:06:00,71.42,71.53,71.38,71.55
2022-03-01 11:07:00,71.35,71.38,71.32,71.47
2022-03-01 11:08:00,71.32,71.32,71.23,71.37
2022-03-01 11:09:00,71.25,71.281,71.24,71.32
2022-03-01 11:10:00,71.37,71.24,71.2,71.37
2022-03-01 11:11:00,71.38,71.29,71.29,71.39
2022-03-01 11:12:00,71.16,71.34,71.08,71.34
2022-03-01 11:13:00,71.21,71.15,71.15,71.28
2022-03-01 11:14:00,71.3,71.27,71.215,71.35
2022-03-01 11:15:00,71.22,71.28,71.2,71.29
2022-03-01 11:16:00,71.22,71.26,71.22,71.28
2022-03-01 11:17:00,71.23,71.25,71.21,71.25
2022-03-01 11:18:00,70.92,71.185,70.86,71.185
2022-03-01 11:19:00,70.9,70.93,70.89,70.99
2022-03-01 11:20:00,71.03,70.9,70.9,71.09
2022-03-01 11:21:00,71.14,71.08,71.08,71.26
2022-03-01 11:22:00,71.25,71.15,71.14,71.25
2022-03-01 11:23:00,71.13,71.23,71.13,71.23
2022-03-01 11:24:00,71.33,71.135,71.135,71.34
2022-03-01 11:25:00,71.3,71.34,71.3,71.385
2022-03-01 11:26:00,71.32,71.31,71.2,71.33
2022-03-01 11:27:00,71.31,71.335,71.3,71.34
2022-03-01 11:28:00,71.44,71.36,71.36,71.515
2022-03-01 11:29:00,71.43,71.41,71.38,71.46
2022-03-01 11:30:00,71.685,71.42,71.41,71.69
2022-03-01 11:31:00,71.62,71.695,71.54,71.715
2022-03-01 11:32:00,71.62,71.63,71.56,71.75
2022-03-01 11:33:00,71.81,71.57,71.57,71.81
2022-03-01 11:34:00,71.77,71.74,71.71,71.77
2022-03-01 11:35:00,71.935,71.8,71.79,72.03
2022-03-01 11:36:00,72.15,71.95,71.94,72.18
2022-03-01 11:37:00,72.11,72.15,72.08,72.2
2022-03-01 11:38:00,72.29,72.155,72.1,72.36
2022-03-01 11:39:00,72.48,72.33,72.231,72.48
2022-03-01 11:40:00,72.36,72.49,72.33,72.49
2022-03-01 11:41:00,72.29,72.35,72.23,72.35
2022-03-01 11:42:00,72.2,72.3,72.15,72.3
2022-03-01 11:43:00,72.11,72.19,72.03,72.19
2022-03-01 11:44:00,72.25,72.14,72.08,72.25
2022-03-01 11:45:00,71.99,72.27,71.99,72.295
2022-03-01 11:46:00,72.005,72.025,71.99,72.06
2022-03-01 11:47:00,72.01,72.02,71.95,72.03
2022-03-01 11:48:00,72.04,72.0,72.0,72.07
2022-03-01 11:49:00,72.0,72.09,72.0,72.13
2022-03-01 11:50:00,71.96,72.03,71.94,72.05
2022-03-01 11:51:00,72.08,71.96,71.93,72.08
2022-03-01 11:52:00,72.11,72.07,72.07,72.13
2022-03-01 11:53:00,72.02,72.1,72.02,72.12
2022-03-01 11:54:00,72.09,72.03,71.97,72.09
2022-03-01 11:55:00,72.11,72.09,72.07,72.15
2022-03-01 11:56:00,72.33,72.14,72.14,72.4
2022-03-01 11:57:00,72.26,72.335,72.18,72.335
2022-03-01 11:58:00,72.18,72.205,72.15,72.205
2022-03-01 11:59:00,71.955,72.09,71.955,72.105
2022-03-01 12:00:00,72.005,71.94,71.94,72.06
2022-03-01 12:01:00,72.085,72.01,71.99,72.12
2022-03-01 12:02:00,72.13,72.12,72.1,72.23
2022-03-01 12:03:00,72.39,72.11,72.06,72.4
2022-03-01 12:04:00,72.57,72.39,72.25,72.6
2022-03-01 12:05:00,72.401,72.47,72.37,72.55
2022-03-01 12:06:00,72.28,72.405,72.28,72.405
2022-03-01 12:07:00,72.34,72.35,72.31,72.4
2022-03-01 12:08:00,72.33,72.34,72.28,72.34
2022-03-01 12:09:00,72.42,72.32,72.28,72.46
2022-03-01 12:10:00,72.18,72.25,72.18,72.28
2022-03-01 12:11:00,72.265,72.24,72.24,72.29
2022-03-01 12:12:00,72.36,72.39,72.34,72.39
2022-03-01 12:13:00,72.36,72.395,72.35,72.42
2022-03-01 12:14:00,72.37,72.38,72.34,72.39
2022-03-01 12:15:00,72.25,72.36,72.21,72.37
2022-03-01 12:16:00,72.33,72.31,72.3,72.4
2022-03-01 12:17:00,72.13,72.32,72.1,72.32
2022-03-01 12:18:00,72.09,72.11,72.09,72.15
2022-03-01 12:19:00,71.99,72.11,71.9,72.11
2022-03-01 12:20:00,72.04,71.98,71.95,72.06
2022-03-01 12:21:00,72.01,72.02,71.99,72.1
2022-03-01 12:22:00,71.981,72.065,71.95,72.16
2022-03-01 12:23:00,72.04,72.04,72.04,72.12
2022-03-01 12:24:00,72.05,72.09,71.98,72.1
2022-03-01 12:25:00,71.87,72.07,71.85,72.07
2022-03-01 12:26:00,71.95,71.915,71.915,72.0
2022-03-01 12:27:00,71.99,71.97,71.95,72.0
2022-03-01 12:28:00,71.875,71.96,71.875,72.0
2022-03-01 12:29:00,71.97,71.96,71.96,71.97
2022-03-01 12:30:00,71.975,71.94,71.94,72.01
2022-03-01 12:31:00,71.98,72.045,71.98,72.05
2022-03-01 12:32:00,71.93,71.88,71.88,71.97
2022-03-01 12:33:00,71.97,71.99,71.97,72.03
2022-03-01 12:34:00,71.96,72.0,71.95,72.03
2022-03-01 12:35:00,72.0,71.901,71.901,72.01
2022-03-01 12:36:00,72.11,72.03,72.02,72.19
2022-03-01 12:37:00,72.03,72.13,72.01,72.13
2022-03-01 12:38:00,71.93,72.04,71.92,72.05
2022-03-01 12:39:00,71.92,71.891,71.88,71.94
2022-03-01 12:40:00,71.97,71.961,71.96,71.97
2022-03-01 12:41:00,71.85,71.88,71.85,71.88
2022-03-01 12:42:00,71.825,71.83,71.81,71.84
2022-03-01 12:43:00,71.875,71.83,71.83,71.875
2022-03-01 12:44:00,71.7,71.82,71.64,71.83
2022-03-01 12:45:00,71.52,71.6,71.5,71.62
2022-03-01 12:46:00,71.56,71.54,71.54,71.61
2022-03-01 12:47:00,71.4,71.48,71.4,71.48
2022-03-01 12:48:00,71.44,71.4,71.35,71.5
2022-03-01 12:49:00,71.31,71.46,71.29,71.46
2022-03-01 12:50:00,71.31,71.3,71.3,71.41
2022-03-01 12:51:00,71.37,71.32,71.32,71.4
2022-03-01 12:52:00,71.5,71.41,71.405,71.5
2022-03-01 12:53:00,71.72,71.51,71.51,71.73
2022-03-01 12:54:00,71.83,71.74,71.72,71.85
2022-03-01 12:55:00,71.74,71.86,71.74,71.9
2022-03-01 12:56:00,71.71,71.72,71.71,71.72
2022-03-01 12:57:00,71.8,71.64,71.64,71.82
2022-03-01 12:58:00,71.63,71.78,71.63,71.78
2022-03-01 12:59:00,71.54,71.62,71.54,71.62
2022-03-01 13:00:00,71.58,71.6,71.58,71.66
2022-03-01 13:01:00,71.5,71.64,71.49,71.64
2022-03-01 13:02:00,71.46,71.48,71.41,71.48
2022-03-01 13:03:00,71.45,71.51,71.45,71.51
2022-03-01 13:04:00,71.5,71.51,71.49,71.51
2022-03-01 13:05:00,71.445,71.535,71.42,71.54
2022-03-01 13:06:00,71.45,71.42,71.39,71.48
2022-03-01 13:07:00,71.38,71.47,71.36,71.47
2022-03-01 13:08:00,71.4,71.4,71.34,71.42
2022-03-01 13:09:00,71.34,71.41,71.32,71.41
2022-03-01 13:10:00,71.33,71.31,71.31,71.37
2022-03-01 13:11:00,71.25,71.27,71.201,71.27
2022-03-01 13:12:00,71.43,71.41,71.41,71.47
2022-03-01 13:13:00,71.53,71.42,71.38,71.53
2022-03-01 13:14:00,71.41,71.46,71.41,71.46
2022-03-01 13:15:00,71.48,71.425,71.42,71.56
2022-03-01 13:16:00,71.54,71.521,71.521,71.57
2022-03-01 13:17:00,71.61,71.55,71.535,71.61
2022-03-01 13:18:00,71.61,71.55,71.535,71.61
2022-03-01 13:19:00,71.43,71.48,71.43,71.49
2022-03-01 13:20:00,71.43,71.41,71.35,71.45
2022-03-01 13:21:00,71.53,71.5,71.49,71.58
2022-03-01 13:22:00,71.48,71.58,71.48,71.62
2022-03-01 13:23:00,71.41,71.44,71.41,71.44
2022-03-01 13:24:00,71.41,71.44,71.41,71.44
2022-03-01 13:25:00,71.31,71.42,71.26,71.42
2022-03-01 13:26:00,71.33,71.31,71.31,71.37
2022-03-01 13:27:00,71.45,71.44,71.43,71.47
2022-03-01 13:28:00,71.52,71.48,71.46,71.53
2022-03-01 13:29:00,71.65,71.51,71.51,71.65
2022-03-01 13:30:00,71.67,71.61,71.59,71.74
2022-03-01 13:31:00,71.77,71.68,71.67,71.81
2022-03-01 13:32:00,71.8,71.79,71.77,71.8
2022-03-01 13:33:00,71.79,71.74,71.73,71.79
2022-03-01 13:34:00,71.79,71.74,71.73,71.79
2022-03-01 13:35:00,71.63,71.75,71.61,71.75
2022-03-01 13:36:00,71.59,71.62,71.59,71.62
2022-03-01 13:37:00,71.33,71.62,71.33,71.62
2022-03-01 13:38:00,71.19,71.32,71.1,71.33
2022-03-01 13:39:00,71.18,71.2,71.14,71.21
2022-03-01 13:40:00,71.25,71.17,71.15,71.25
2022-03-01 13:41:00,71.33,71.29,71.29,71.41
2022-03-01 13:42:00,71.3,71.29,71.28,71.31
2022-03-01 13:43:00,71.34,71.39,71.34,71.42
2022-03-01 13:44:00,71.31,71.38,71.31,71.42
2022-03-01 13:45:00,71.26,71.21,71.21,71.27
2022-03-01 13:46:00,71.32,71.32,71.28,71.32
2022-03-01 13:47:00,71.24,71.34,71.23,71.34
2022-03-01 13:48:00,71.23,71.2,71.17,71.23
2022-03-01 13:49:00,71.18,71.18,71.15,71.19
2022-03-01 13:50:00,71.06,71.16,71.06,71.16
2022-03-01 13:51:00,71.05,71.14,71.02,71.22
2022-03-01 13:52:00,71.11,71.08,71.08,71.15
2022-03-01 13:53:00,71.14,71.13,71.13,71.15
2022-03-01 13:54:00,71.08,71.08,71.08,71.08
2022-03-01 13:55:00,71.02,71.05,71.02,71.06
2022-03-01 13:56:00,71.29,71.03,71.02,71.29
2022-03-01 13:57:00,71.33,71.3,71.27,71.43
2022-03-01 13:58:00,71.3,71.34,71.3,71.34
2022-03-01 13:59:00,71.39,71.27,71.27,71.39
2022-03-01 14:00:00,71.36,71.36,71.36,71.42
2022-03-01 14:01:00,71.26,71.35,71.26,71.35
2022-03-01 14:02:00,71.26,71.35,71.26,71.35
2022-03-01 14:03:00,71.2,71.2,71.2,71.2
2022-03-01 14:04:00,71.45,71.22,71.22,71.45
2022-03-01 14:05:00,71.39,71.43,71.39,71.43
2022-03-01 14:06:00,71.33,71.35,71.33,71.36
2022-03-01 14:07:00,71.39,71.38,71.36,71.39
2022-03-01 14:08:00,71.48,71.39,71.38,71.51
2022-03-01 14:09:00,71.33,71.51,71.32,71.51
2022-03-01 14:10:00,71.42,71.375,71.375,71.42
2022-03-01 14:11:00,71.25,71.34,71.24,71.36
2022-03-01 14:12:00,71.38,71.18,71.18,71.38
2022-03-01 14:13:00,71.36,71.33,71.33,71.36
2022-03-01 14:14:00,71.36,71.33,71.33,71.36
2022-03-01 14:15:00,71.26,71.27,71.26,71.27
2022-03-01 14:16:00,70.9,71.05,70.9,71.05
2022-03-01 14:17:00,70.86,70.96,70.86,71.0
2022-03-01 14:18:00,70.871,70.85,70.84,70.871
2022-03-01 14:19:00,70.92,70.81,70.81,70.92
2022-03-01 14:20:00,70.79,70.89,70.74,70.89
2022-03-01 14:21:00,70.91,70.85,70.84,70.91
2022-03-01 14:22:00,70.84,70.91,70.78,70.91
2022-03-01 14:23:00,70.9,70.86,70.821,70.9
2022-03-01 14:24:00,70.84,70.84,70.83,70.84
2022-03-01 14:25:00,70.84,70.85,70.83,70.85
2022-03-01 14:26:00,70.7,70.75,70.7,70.75
2022-03-01 14:27:00,70.73,70.64,70.63,70.8
2022-03-01 14:28:00,70.81,70.72,70.72,70.87
2022-03-01 14:29:00,71.02,70.91,70.91,71.02
2022-03-01 14:30:00,71.05,71.07,71.03,71.13
2022-03-01 14:31:00,70.93,70.9,70.9,70.93
2022-03-01 14:32:00,70.98,70.93,70.93,70.98
2022-03-01 14:33:00,70.92,70.9,70.9,70.92
2022-03-01 14:34:00,71.04,70.92,70.92,71.04
2022-03-01 14:35:00,71.02,71.01,71.01,71.02
2022-03-01 14:36:00,71.07,70.99,70.99,71.07
2022-03-01 14:37:00,71.13,71.06,71.03,71.13
2022-03-01 14:38:00,71.25,71.13,71.13,71.27
2022-03-01 14:39:00,71.35,71.28,71.28,71.36
2022-03-01 14:40:00,71.43,71.36,71.36,71.5
2022-03-01 14:41:00,71.41,71.42,71.41,71.43
2022-03-01 14:42:00,71.33,71.32,71.32,71.33
2022-03-01 14:43:00,71.36,71.43,71.36,71.44
2022-03-01 14:44:00,71.31,71.35,71.31,71.35
2022-03-01 14:45:00,71.33,71.35,71.32,71.35
2022-03-01 14:46:00,71.4,71.33,71.33,71.47
2022-03-01 14:47:00,71.34,71.39,71.34,71.395
2022-03-01 14:48:00,71.44,71.33,71.33,71.44
2022-03-01 14:49:00,71.46,71.43,71.43,71.48
2022-03-01 14:50:00,71.54,71.47,71.47,71.54
2022-03-01 14:51:00,71.49,71.49,71.48,71.52
2022-03-01 14:52:00,71.46,71.46,71.44,71.48
2022-03-01 14:53:00,71.48,71.49,71.47,71.49
2022-03-01 14:54:00,71.41,71.47,71.4,71.48
2022-03-01 14:55:00,71.34,71.39,71.34,71.39
2022-03-01 14:56:00,71.38,71.39,71.38,71.43
2022-03-01 14:57:00,71.34,71.39,71.34,71.41
2022-03-01 14:58:00,71.21,71.24,71.21,71.29
2022-03-01 14:59:00,71.26,71.21,71.2,71.29
2022-03-01 15:00:00,71.27,71.28,71.26,71.28
2022-03-01 15:01:00,71.32,71.33,71.3,71.35
2022-03-01 15:02:00,71.35,71.33,71.32,71.39
2022-03-01 15:03:00,71.46,71.35,71.35,71.46
2022-03-01 15:04:00,71.47,71.48,71.47,71.48
2022-03-01 15:05:00,71.47,71.45,71.45,71.47
2022-03-01 15:06:00,71.375,71.44,71.375,71.47
2022-03-01 15:07:00,71.34,71.35,71.29,71.37
2022-03-01 15:08:00,71.5,71.36,71.36,71.515
2022-03-01 15:09:00,71.41,71.49,71.37,71.51
2022-03-01 15:10:00,71.48,71.4,71.4,71.49
2022-03-01 15:11:00,71.56,71.48,71.46,71.56
2022-03-01 15:12:00,71.58,71.59,71.575,71.62
2022-03-01 15:13:00,71.56,71.56,71.56,71.57
2022-03-01 15:14:00,71.605,71.59,71.58,71.61
2022-03-01 15:15:00,71.5,71.61,71.5,71.63
2022-03-01 15:16:00,71.48,71.58,71.47,71.58
2022-03-01 15:17:00,71.53,71.53,71.53,71.53
2022-03-01 15:18:00,71.51,71.52,71.51,71.55
2022-03-01 15:19:00,71.5,71.52,71.5,71.52
2022-03-01 15:20:00,71.52,71.49,71.48,71.53
2022-03-01 15:21:00,71.41,71.5,71.41,71.5
2022-03-01 15:22:00,71.4,71.42,71.4,71.43
2022-03-01 15:23:00,71.43,71.41,71.4,71.43
2022-03-01 15:24:00,71.42,71.43,71.415,71.44
2022-03-01 15:25:00,71.45,71.46,71.43,71.46
2022-03-01 15:26:00,71.53,71.47,71.47,71.53
2022-03-01 15:27:00,71.619,71.54,71.54,71.619
2022-03-01 15:28:00,71.57,71.61,71.57,71.61
2022-03-01 15:29:00,71.59,71.56,71.55,71.6
2022-03-01 15:30:00,71.52,71.59,71.505,71.6
2022-03-01 15:31:00,71.56,71.51,71.47,71.61
2022-03-01 15:32:00,71.51,71.56,71.51,71.57
2022-03-01 15:33:00,71.49,71.49,71.49,71.53
2022-03-01 15:34:00,71.55,71.49,71.49,71.55
2022-03-01 15:35:00,71.59,71.56,71.53,71.63
2022-03-01 15:36:00,71.59,71.585,71.57,71.59
2022-03-01 15:37:00,71.58,71.575,71.57,71.61
2022-03-01 15:38:00,71.57,71.57,71.56,71.58
2022-03-01 15:39:00,71.59,71.56,71.55,71.59
2022-03-01 15:40:00,71.55,71.59,71.55,71.59
2022-03-01 15:41:00,71.589,71.54,71.54,71.589
2022-03-01 15:42:00,71.66,71.58,71.575,71.66
2022-03-01 15:43:00,71.595,71.63,71.595,71.639
2022-03-01 15:44:00,71.585,71.59,71.58,71.6
2022-03-01 15:45:00,71.5,71.54,71.5,71.54
2022-03-01 15:46:00,71.53,71.47,71.47,71.53
2022-03-01 15:47:00,71.53,71.52,71.51,71.55
2022-03-01 15:48:00,71.54,71.53,71.53,71.54
2022-03-01 15:49:00,71.585,71.53,71.51,71.585
2022-03-01 15:50:00,71.605,71.58,71.58,71.62
2022-03-01 15:51:00,71.59,71.58,71.57,71.6
2022-03-01 15:52:00,71.63,71.58,71.56,71.645
2022-03-01 15:53:00,71.65,71.625,71.6,71.65
2022-03-01 15:54:00,71.62,71.645,71.62,71.69
2022-03-01 15:55:00,71.68,71.625,71.625,71.69
2022-03-01 15:56:00,71.67,71.68,71.63,71.685
2022-03-01 15:57:00,71.67,71.67,71.655,71.68
2022-03-01 15:58:00,71.74,71.665,71.64,71.74
2022-03-01 15:59:00,71.785,71.73,71.72,71.81
2022-03-01 16:00:00,71.82,71.785,71.755,71.83
2022-03-02 09:31:00,74.09,74.15,74.07,74.18
2022-03-02 09:32:00,74.06,74.1,74.03,74.14
2022-03-02 09:33:00,74.07,74.03,73.99,74.16
2022-03-02 09:34:00,74.31,74.08,74.07,74.31
2022-03-02 09:35:00,74.19,74.26,74.19,74.36
2022-03-02 09:36:00,74.199,74.26,74.15,74.3
2022-03-02 09:37:00,74.05,74.19,74.04,74.22
2022-03-02 09:38:00,74.05,74.01,73.99,74.11
2022-03-02 09:39:00,73.89,74.06,73.86,74.14
2022-03-02 09:40:00,73.92,73.99,73.9,73.99
2022-03-02 09:41:00,73.88,73.875,73.86,74.01
2022-03-02 09:42:00,73.96,73.83,73.83,74.01
2022-03-02 09:43:00,74.06,74.0,74.0,74.11
2022-03-02 09:44:00,74.02,74.05,74.01,74.07
2022-03-02 09:45:00,73.95,74.03,73.94,74.03
2022-03-02 09:46:00,73.71,73.94,73.64,73.94
2022-03-02 09:47:00,73.49,73.7,73.45,73.7
2022-03-02 09:48:00,73.6,73.47,73.42,73.6
2022-03-02 09:49:00,73.54,73.64,73.5,73.689
2022-03-02 09:50:00,73.56,73.5,73.465,73.58
2022-03-02 09:51:00,73.5,73.57,73.47,73.65
2022-03-02 09:52:00,73.48,73.53,73.47,73.65
2022-03-02 09:53:00,73.5,73.49,73.48,73.59
2022-03-02 09:54:00,73.51,73.48,73.45,73.56
2022-03-02 09:55:00,73.61,73.56,73.56,73.65
2022-03-02 09:56:00,73.49,73.64,73.42,73.64
2022-03-02 09:57:00,73.58,73.49,73.45,73.6
2022-03-02 09:58:00,73.65,73.6,73.58,73.68
2022-03-02 09:59:00,73.49,73.63,73.46,73.64
2022-03-02 10:00:00,73.48,73.5,73.48,73.57
2022-03-02 10:01:00,73.52,73.48,73.45,73.52
2022-03-02 10:02:00,73.61,73.515,73.515,73.68
2022-03-02 10:03:00,73.75,73.65,73.61,73.8
2022-03-02 10:04:00,73.94,73.8,73.79,73.94
2022-03-02 10:05:00,73.81,73.98,73.8,73.98
2022-03-02 10:06:00,73.65,73.74,73.58,73.78
2022-03-02 10:07:00,73.66,73.66,73.65,73.67
2022-03-02 10:08:00,73.61,73.66,73.58,73.66
2022-03-02 10:09:00,73.59,73.55,73.54,73.6
2022-03-02 10:10:00,73.585,73.57,73.53,73.64
2022-03-02 10:11:00,73.41,73.58,73.38,73.58
2022-03-02 10:12:00,73.4,73.39,73.28,73.41
2022-03-02 10:13:00,73.39,73.37,73.34,73.44
2022-03-02 10:14:00,73.315,73.38,73.3,73.41
2022-03-02 10:15:00,73.42,73.36,73.36,73.42
2022-03-02 10:16:00,73.42,73.33,73.33,73.43
2022-03-02 10:17:00,73.35,73.39,73.28,73.39
2022-03-02 10:18:00,73.33,73.34,73.285,73.4
2022-03-02 10:19:00,73.45,73.36,73.34,73.45
2022-03-02 10:20:00,73.45,73.42,73.41,73.45
2022-03-02 10:21:00,73.47,73.47,73.42,73.53
2022-03-02 10:22:00,73.37,73.48,73.37,73.48
2022-03-02 10:23:00,73.03,73.36,73.03,73.36
2022-03-02 10:24:00,73.2,73.02,73.0,73.23
2022-03-02 10:25:00,73.36,73.16,73.16,73.36
2022-03-02 10:26:00,73.28,73.38,73.26,73.41
2022-03-02 10:27:00,73.24,73.2,73.195,73.245
2022-03-02 10:28:00,73.34,73.24,73.23,73.34
2022-03-02 10:29:00,73.38,73.16,73.16,73.42
2022-03-02 10:30:00,73.215,73.31,73.215,73.31
2022-03-02 10:31:00,73.57,73.39,73.11,73.57
2022-03-02 10:32:00,73.54,73.47,73.41,73.57
2022-03-02 10:33:00,73.715,73.56,73.56,73.75
2022-03-02 10:34:00,73.78,73.84,73.7,73.89
2022-03-02 10:35:00,73.73,73.68,73.67,73.78
2022-03-02 10:36:00,73.58,73.67,73.53,73.67
2022-03-02 10:37:00,73.37,73.4,73.37,73.4
2022-03-02 10:38:00,73.32,73.38,73.32,73.38
2022-03-02 10:39:00,73.08,73.23,73.01,73.23
2022-03-02 10:40:00,73.0,73.07,72.86,73.08
2022-03-02 10:41:00,72.97,73.13,72.95,73.13
2022-03-02 10:42:00,72.93,72.93,72.77,72.95
2022-03-02 10:43:00,73.01,72.95,72.95,73.01
2022-03-02 10:44:00,73.11,73.01,73.01,73.13
2022-03-02 10:45:00,73.25,73.16,73.16,73.28
2022-03-02 10:46:00,73.27,73.21,73.14,73.28
2022-03-02 10:47:00,73.13,73.3,73.13,73.3
2022-03-02 10:48:00,73.08,73.08,73.08,73.08
2022-03-02 10:49:00,73.13,73.06,73.0,73.13
2022-03-02 10:50:00,73.03,73.01,73.01,73.08
2022-03-02 10:51:00,73.12,73.08,73.07,73.17
2022-03-02 10:52:00,73.0,73.13,73.0,73.14
2022-03-02 10:53:00,72.81,72.82,72.78,72.9
2022-03-02 10:54:00,72.8,72.82,72.79,72.86
2022-03-02 10:55:00,72.93,72.83,72.83,73.0
2022-03-02 10:56:00,72.38,72.87,72.38,72.87
2022-03-02 10:57:00,72.1,72.41,71.79,72.41
2022-03-02 10:58:00,72.11,72.1,71.94,72.21
2022-03-02 10:59:00,72.52,72.06,72.06,72.54
2022-03-02 11:00:00,72.22,72.36,72.105,72.36
2022-03-02 11:01:00,72.34,72.29,72.27,72.48
2022-03-02 11:02:00,72.39,72.51,72.39,72.53
2022-03-02 11:03:00,72.56,72.51,72.46,72.565
2022-03-02 11:04:00,72.53,72.56,72.48,72.59
2022-03-02 11:05:00,72.57,72.53,72.32,72.57
2022-03-02 11:06:00,72.71,72.59,72.56,72.79
2022-03-02 11:07:00,72.64,72.71,72.51,72.74
2022-03-02 11:08:00,72.77,72.67,72.57,72.77
2022-03-02 11:09:00,72.63,72.72,72.61,72.85
2022-03-02 11:10:00,72.69,72.61,72.57,72.82
2022-03-02 11:11:00,72.39,72.66,72.3,72.66
2022-03-02 11:12:00,72.25,72.37,72.2,72.38
2022-03-02 11:13:00,72.11,72.23,72.1,72.23
2022-03-02 11:14:00,72.3,72.17,72.17,72.3
2022-03-02 11:15:00,72.71,72.28,72.26,72.74
2022-03-02 11:16:00,72.75,72.73,72.61,72.79
2022-03-02 11:17:00,72.675,72.7,72.66,72.79
2022-03-02 11:18:00,72.375,72.59,72.375,72.64
2022-03-02 11:19:00,72.26,72.33,72.26,72.42
2022-03-02 11:20:00,72.29,72.31,72.25,72.37
2022-03-02 11:21:00,72.275,72.22,72.16,72.275
2022-03-02 11:22:00,72.43,72.35,72.28,72.5
2022-03-02 11:23:00,72.5,72.43,72.41,72.54
2022-03-02 11:24:00,72.53,72.51,72.5,72.63
2022-03-02 11:25:00,72.54,72.53,72.38,72.59
2022-03-02 11:26:00,72.86,72.58,72.51,72.87
2022-03-02 11:27:00,72.94,72.86,72.77,72.99
2022-03-02 11:28:00,73.02,72.91,72.81,73.12
2022-03-02 11:29:00,73.135,73.09,73.05,73.25
2022-03-02 11:30:00,73.25,73.28,73.16,73.29
2022-03-02 11:31:00,73.28,73.24,73.05,73.28
2022-03-02 11:32:00,73.07,73.26,72.89,73.26
2022-03-02 11:33:00,72.66,73.06,72.66,73.1
2022-03-02 11:34:00,72.66,72.69,72.5,72.77
2022-03-02 11:35:00,72.75,72.74,72.7,72.83
2022-03-02 11:36:00,72.69,72.77,72.64,72.78
2022-03-02 11:37:00,72.76,72.74,72.69,72.83
2022-03-02 11:38:00,73.03,72.76,72.75,73.09
2022-03-02 11:39:00,73.05,73.04,72.89,73.07
2022-03-02 11:40:00,73.14,73.03,72.99,73.24
2022-03-02 11:41:00,73.0,73.1,73.0,73.18
2022-03-02 11:42:00,73.01,73.0,72.98,73.07
2022-03-02 11:43:00,73.08,72.95,72.925,73.12
2022-03-02 11:44:00,73.195,73.21,73.19,73.29
2022-03-02 11:45:00,73.3,73.13,73.13,73.31
2022-03-02 11:46:00,73.02,73.28,73.02,73.28
2022-03-02 11:47:00,73.15,73.06,73.06,73.17
2022-03-02 11:48:00,73.115,73.09,73.09,73.125
2022-03-02 11:49:00,73.25,73.17,73.11,73.255
2022-03-02 11:50:00,73.09,73.25,73.09,73.305
2022-03-02 11:51:00,73.21,73.13,73.09,73.21
2022-03-02 11:52:00,73.23,73.2,73.2,73.3
2022-03-02 11:53:00,73.3,73.24,73.24,73.33
2022-03-02 11:54:00,73.36,73.31,73.295,73.4
2022-03-02 11:55:00,73.39,73.37,73.32,73.405
2022-03-02 11:56:00,73.56,73.41,73.4,73.62
2022-03-02 11:57:00,73.54,73.6,73.52,73.6
2022-03-02 11:58:00,73.44,73.55,73.44,73.59
2022-03-02 11:59:00,73.55,73.48,73.48,73.55
2022-03-02 12:00:00,73.735,73.53,73.53,73.735
2022-03-02 12:01:00,73.59,73.7,73.59,73.7
2022-03-02 12:02:00,73.555,73.6,73.55,73.63
2022-03-02 12:03:00,73.595,73.55,73.55,73.61
2022-03-02 12:04:00,73.57,73.62,73.57,73.62
2022-03-02 12:05:00,73.48,73.55,73.44,73.55
2022-03-02 12:06:00,73.43,73.46,73.37,73.47
2022-03-02 12:07:00,73.48,73.46,73.42,73.55
2022-03-02 12:08:00,73.42,73.43,73.395,73.52
2022-03-02 12:09:00,73.45,73.43,73.41,73.49
2022-03-02 12:10:00,73.45,73.45,73.4,73.45
2022-03-02 12:11:00,73.465,73.46,73.45,73.55
2022-03-02 12:12:00,73.475,73.46,73.42,73.49
2022-03-02 12:13:00,73.485,73.47,73.47,73.57
2022-03-02 12:14:00,73.43,73.49,73.42,73.5
2022-03-02 12:15:00,73.49,73.43,73.43,73.49
2022-03-02 12:16:00,73.66,73.51,73.5,73.72
2022-03-02 12:17:00,73.69,73.64,73.64,73.72
2022-03-02 12:18:00,73.59,73.69,73.59,73.69
2022-03-02 12:19:00,73.645,73.58,73.56,73.645
2022-03-02 12:20:00,73.69,73.66,73.655,73.74
2022-03-02 12:21:00,73.63,73.665,73.63,73.665
2022-03-02 12:22:00,73.65,73.645,73.6,73.66
2022-03-02 12:23:00,73.6,73.65,73.6,73.68
2022-03-02 12:24:00,73.63,73.6,73.58,73.65
2022-03-02 12:25:00,73.83,73.675,73.64,73.83
2022-03-02 12:26:00,73.71,73.79,73.71,73.81
2022-03-02 12:27:00,73.67,73.7,73.63,73.7
2022-03-02 12:28:00,73.66,73.655,73.63,73.66
2022-03-02 12:29:00,73.65,73.66,73.63,73.67
2022-03-02 12:30:00,73.65,73.6,73.6,73.65
2022-03-02 12:31:00,73.65,73.655,73.64,73.69
2022-03-02 12:32:00,73.66,73.65,73.63,73.69
2022-03-02 12:33:00,73.83,73.69,73.68,73.84
2022-03-02 12:34:00,73.97,73.9,73.89,74.03
2022-03-02 12:35:00,74.07,74.01,73.915,74.08
2022-03-02 12:36:00,74.27,74.07,74.04,74.27
2022-03-02 12:37:00,74.25,74.25,74.22,74.29
2022-03-02 12:38:00,74.14,74.24,74.04,74.24
2022-03-02 12:39:00,74.02,74.14,73.99,74.14
2022-03-02 12:40:00,73.99,74.01,73.97,74.06
2022-03-02 12:41:00,73.97,73.975,73.92,73.98
2022-03-02 12:42:00,74.015,73.96,73.96,74.03
2022-03-02 12:43:00,73.97,74.025,73.97,74.07
2022-03-02 12:44:00,73.98,74.05,73.97,74.08
2022-03-02 12:45:00,73.93,73.99,73.92,74.0
2022-03-02 12:46:00,73.95,73.915,73.885,73.97
2022-03-02 12:47:00,74.2,73.93,73.91,74.21
2022-03-02 12:48:00,74.1,74.22,74.08,74.23
2022-03-02 12:49:00,74.07,74.1,74.05,74.14
2022-03-02 12:50:00,73.97,74.07,73.95,74.08
2022-03-02 12:51:00,74.03,74.015,74.01,74.05
2022-03-02 12:52:00,74.025,74.04,74.025,74.11
2022-03-02 12:53:00,74.03,74.01,73.98,74.03
2022-03-02 12:54:00,74.12,74.03,74.03,74.12
2022-03-02 12:55:00,74.14,74.06,74.055,74.14
2022-03-02 12:56:00,74.1,74.14,74.055,74.16
2022-03-02 12:57:00,74.09,74.1,74.09,74.145
2022-03-02 12:58:00,74.06,74.11,74.06,74.11
2022-03-02 12:59:00,74.045,74.12,74.045,74.12
2022-03-02 13:00:00,74.06,74.01,73.98,74.095
2022-03-02 13:01:00,74.02,74.03,74.0,74.03
2022-03-02 13:02:00,74.0,74.01,73.99,74.01
2022-03-02 13:03:00,73.86,74.02,73.86,74.05
2022-03-02 13:04:00,73.74,73.86,73.72,73.875
2022-03-02 13:05:00,73.685,73.725,73.6,73.74
2022-03-02 13:06:00,73.78,73.75,73.75,73.78
2022-03-02 13:07:00,73.735,73.77,73.72,73.8
2022-03-02 13:08:00,73.8,73.76,73.745,73.85
2022-03-02 13:09:00,73.75,73.77,73.74,73.78
2022-03-02 13:10:00,73.87,73.75,73.75,73.87
2022-03-02 13:11:00,73.97,73.89,73.89,74.03
2022-03-02 13:12:00,73.995,73.955,73.955,74.08
2022-03-02 13:13:00,73.925,73.995,73.88,73.995
2022-03-02 13:14:00,73.94,73.945,73.93,73.945
2022-03-02 13:15:00,73.99,73.925,73.925,74.0
2022-03-02 13:16:00,73.905,73.935,73.85,73.935
2022-03-02 13:17:00,74.12,73.99,73.985,74.16
2022-03-02 13:18:00,74.18,74.17,74.15,74.26
2022-03-02 13:19:00,74.27,74.235,74.22,74.32
2022-03-02 13:20:00,74.4,74.32,74.32,74.44
2022-03-02 13:21:00,74.39,74.42,74.39,74.43
2022-03-02 13:22:00,74.44,74.385,74.385,74.51
2022-03-02 13:23:00,74.46,74.43,74.43,74.48
2022-03-02 13:24:00,74.17,74.45,74.17,74.45
2022-03-02 13:25:00,74.16,74.175,74.09,74.22
2022-03-02 13:26:00,74.08,74.13,74.05,74.13
2022-03-02 13:27:00,74.04,74.04,74.03,74.06
2022-03-02 13:28:00,74.06,74.03,74.03,74.06
2022-03-02 13:29:00,73.98,74.07,73.98,74.08
2022-03-02 13:30:00,73.99,74.01,73.97,74.02
2022-03-02 13:31:00,74.03,74.0,73.98,74.03
2022-03-02 13:32:00,74.2,74.07,74.06,74.2
2022-03-02 13:33:00,74.29,74.28,74.235,74.29
2022-03-02 13:34:00,74.31,74.32,74.3,74.34
2022-03-02 13:35:00,74.27,74.235,74.21,74.27
2022-03-02 13:36:00,74.12,74.23,74.1,74.23
2022-03-02 13:37:00,74.01,74.15,74.01,74.15
2022-03-02 13:38:00,74.08,74.075,74.07,74.12
2022-03-02 13:39:00,74.11,74.13,74.1,74.14
2022-03-02 13:40:00,74.08,74.1,74.08,74.1
2022-03-02 13:41:00,74.09,74.11,74.06,74.11
2022-03-02 13:42:00,74.21,74.15,74.13,74.23
2022-03-02 13:43:00,74.22,74.17,74.17,74.24
2022-03-02 13:44:00,74.22,74.26,74.21,74.27
2022-03-02 13:45:00,74.101,74.12,74.09,74.12
2022-03-02 13:46:00,74.09,74.1,74.03,74.14
2022-03-02 13:47:00,74.11,74.11,74.095,74.18
2022-03-02 13:48:00,74.095,74.15,74.095,74.15
2022-03-02 13:49:00,74.08,74.11,74.07,74.13
2022-03-02 13:50:00,74.11,74.06,74.06,74.13
2022-03-02 13:51:00,74.045,74.12,74.04,74.12
2022-03-02 13:52:00,73.99,74.05,73.98,74.05
2022-03-02 13:53:00,74.01,73.99,73.99,74.02
2022-03-02 13:54:00,74.0,74.03,74.0,74.03
2022-03-02 13:55:00,74.11,74.04,74.04,74.12
2022-03-02 13:56:00,74.18,74.14,74.12,74.21
2022-03-02 13:57:00,74.115,74.14,74.09,74.16
2022-03-02 13:58:00,74.16,74.1,74.09,74.16
2022-03-02 13:59:00,74.14,74.18,74.11,74.18
2022-03-02 14:00:00,74.28,74.15,74.14,74.285
2022-03-02 14:01:00,74.3,74.335,74.22,74.38
2022-03-02 14:02:00,74.41,74.25,74.25,74.41
2022-03-02 14:03:00,74.34,74.4,74.34,74.5
2022-03-02 14:04:00,74.53,74.34,74.32,74.58
2022-03-02 14:05:00,74.59,74.53,74.5,74.59
2022-03-02 14:06:00,74.61,74.58,74.55,74.65
2022-03-02 14:07:00,74.7,74.59,74.59,74.73
2022-03-02 14:08:00,74.81,74.66,74.66,74.84
2022-03-02 14:09:00,74.75,74.77,74.73,74.77
2022-03-02 14:10:00,74.88,74.765,74.765,74.91
2022-03-02 14:11:00,74.94,74.91,74.88,74.99
2022-03-02 14:12:00,74.82,74.95,74.81,74.95
2022-03-02 14:13:00,74.81,74.81,74.8,74.82
2022-03-02 14:14:00,74.88,74.845,74.845,74.93
2022-03-02 14:15:00,74.86,74.87,74.84,74.87
2022-03-02 14:16:00,74.84,74.9,74.77,74.94
2022-03-02 14:17:00,74.67,74.82,74.66,74.82
2022-03-02 14:18:00,74.71,74.68,74.67,74.75
2022-03-02 14:19:00,74.73,74.71,74.68,74.75
2022-03-02 14:20:00,74.56,74.75,74.55,74.75
2022-03-02 14:21:00,74.57,74.6,74.55,74.62
2022-03-02 14:22:00,74.52,74.59,74.51,74.655
2022-03-02 14:23:00,74.72,74.52,74.52,74.73
2022-03-02 14:24:00,74.695,74.73,74.68,74.73
2022-03-02 14:25:00,74.77,74.7,74.68,74.8
2022-03-02 14:26:00,74.88,74.78,74.74,74.9
2022-03-02 14:27:00,74.86,74.87,74.785,74.88
2022-03-02 14:28:00,74.86,74.85,74.81,74.92
2022-03-02 14:29:00,75.06,74.9,74.9,75.1
2022-03-02 14:30:00,75.22,75.08,75.06,75.3
2022-03-02 14:31:00,75.17,75.23,75.17,75.39
2022-03-02 14:32:00,75.27,75.24,75.21,75.29
2022-03-02 14:33:00,75.19,75.26,75.105,75.27
2022-03-02 14:34:00,75.31,75.21,75.18,75.36
2022-03-02 14:35:00,75.24,75.32,75.21,75.32
2022-03-02 14:36:00,75.15,75.2,75.13,75.2
2022-03-02 14:37:00,75.05,75.16,75.031,75.16
2022-03-02 14:38:00,75.16,75.06,75.06,75.17
2022-03-02 14:39:00,75.35,75.18,75.18,75.38
2022-03-02 14:40:00,75.16,75.32,75.15,75.34
2022-03-02 14:41:00,75.04,75.09,75.0,75.09
2022-03-02 14:42:00,75.0,75.035,75.0,75.04
2022-03-02 14:43:00,75.005,75.01,75.0,75.07
2022-03-02 14:44:00,75.065,75.0,74.96,75.065
2022-03-02 14:45:00,74.95,75.07,74.94,75.09
2022-03-02 14:46:00,75.19,74.995,74.995,75.19
2022-03-02 14:47:00,75.195,75.19,75.19,75.2
2022-03-02 14:48:00,75.3,75.2,75.19,75.31
2022-03-02 14:49:00,75.34,75.3,75.28,75.34
2022-03-02 14:50:00,75.23,75.36,75.21,75.37
2022-03-02 14:51:00,75.18,75.21,75.08,75.21
2022-03-02 14:52:00,75.26,75.16,75.16,75.27
2022-03-02 14:53:00,75.67,75.26,75.26,75.68
2022-03-02 14:54:00,75.78,75.68,75.66,75.79
2022-03-02 14:55:00,76.14,75.79,75.79,76.2
2022-03-02 14:56:00,75.81,76.11,75.81,76.13
2022-03-02 14:57:00,75.83,75.79,75.74,75.85
2022-03-02 14:58:00,75.725,75.87,75.69,75.91
2022-03-02 14:59:00,75.84,75.72,75.72,75.95
2022-03-02 15:00:00,75.81,75.84,75.77,75.9
2022-03-02 15:01:00,75.84,75.74,75.68,75.88
2022-03-02 15:02:00,75.78,75.75,75.69,75.78
2022-03-02 15:03:00,75.87,75.8,75.77,75.87
2022-03-02 15:04:00,75.86,75.89,75.83,75.9
2022-03-02 15:05:00,75.9,75.85,75.78,75.9
2022-03-02 15:06:00,75.895,75.9,75.88,75.94
2022-03-02 15:07:00,75.84,75.89,75.84,75.93
2022-03-02 15:08:00,75.82,75.81,75.645,75.84
2022-03-02 15:09:00,75.64,75.82,75.64,75.82
2022-03-02 15:10:00,75.59,75.64,75.56,75.65
2022-03-02 15:11:00,75.68,75.65,75.65,75.75
2022-03-02 15:12:00,75.61,75.69,75.6,75.72
2022-03-02 15:13:00,75.67,75.56,75.55,75.67
2022-03-02 15:14:00,75.6,75.67,75.6,75.72
2022-03-02 15:15:00,75.69,75.68,75.68,75.77
2022-03-02 15:16:00,75.71,75.7,75.65,75.72
2022-03-02 15:17:00,75.78,75.77,75.76,75.78
2022-03-02 15:18:00,75.96,75.78,75.78,75.99
2022-03-02 15:19:00,75.95,75.95,75.85,75.95
2022-03-02 15:20:00,75.9,75.99,75.9,76.02
2022-03-02 15:21:00,75.94,75.91,75.86,75.94
2022-03-02 15:22:00,75.94,75.94,75.91,75.94
2022-03-02 15:23:00,75.96,75.95,75.92,75.97
2022-03-02 15:24:00,75.88,75.96,75.88,76.08
2022-03-02 15:25:00,75.81,75.85,75.76,75.87
2022-03-02 15:26:00,75.9,75.795,75.79,75.9
2022-03-02 15:27:00,75.94,75.87,75.87,75.94
2022-03-02 15:28:00,75.83,75.91,75.83,75.92
2022-03-02 15:29:00,75.87,75.85,75.85,75.87
2022-03-02 15:30:00,75.94,75.9,75.885,75.94
2022-03-02 15:31:00,75.935,75.95,75.935,75.97
2022-03-02 15:32:00,75.88,75.93,75.87,75.94
2022-03-02 15:33:00,75.9,75.88,75.88,75.915
2022-03-02 15:34:00,75.96,75.935,75.935,75.98
2022-03-02 15:35:00,75.99,75.955,75.955,76.01
2022-03-02 15:36:00,75.82,75.965,75.8,75.985
2022-03-02 15:37:00,75.79,75.84,75.77,75.89
2022-03-02 15:38:00,75.735,75.79,75.66,75.79
2022-03-02 15:39:00,75.75,75.73,75.73,75.815
2022-03-02 15:40:00,75.665,75.76,75.65,75.76
2022-03-02 15:41:00,75.73,75.66,75.64,75.75
2022-03-02 15:42:00,75.67,75.73,75.65,75.73
2022-03-02 15:43:00,75.76,75.775,75.725,75.79
2022-03-02 15:44:00,75.695,75.745,75.695,75.745
2022-03-02 15:45:00,75.735,75.69,75.69,75.76
2022-03-02 15:46:00,75.74,75.74,75.725,75.75
2022-03-02 15:47:00,75.76,75.79,75.75,75.8
2022-03-02 15:48:00,75.59,75.77,75.58,75.77
2022-03-02 15:49:00,75.63,75.69,75.62,75.69
2022-03-02 15:50:00,75.6,75.655,75.59,75.66
2022-03-02 15:51:00,75.69,75.6,75.575,75.695
2022-03-02 15:52:00,75.595,75.725,75.595,75.73
2022-03-02 15:53:00,75.5,75.6,75.47,75.605
2022-03-02 15:54:00,75.415,75.51,75.415,75.6
2022-03-02 15:55:00,75.36,75.415,75.345,75.415
2022-03-02 15:56:00,75.395,75.34,75.33,75.52
2022-03-02 15:57:00,75.34,75.37,75.29,75.41
2022-03-02 15:58:00,75.27,75.315,75.26,75.36
2022-03-02 15:59:00,75.35,75.275,75.275,75.365
2022-03-02 16:00:00,75.42,75.365,75.34,75.45
2022-03-03 09:31:00,74.53,74.76,74.48,74.86
2022-03-03 09:32:00,74.34,74.47,74.01,74.47
2022-03-03 09:33:00,74.39,74.31,74.16,74.39
2022-03-03 09:34:00,74.68,74.44,74.4,74.68
2022-03-03 09:35:00,74.5,74.59,74.5,74.61
2022-03-03 09:36:00,74.43,74.48,74.31,74.48
2022-03-03 09:37:00,74.401,74.55,74.401,74.55
2022-03-03 09:38:00,74.67,74.44,74.44,74.68
2022-03-03 09:39:00,74.83,74.66,74.66,74.87
2022-03-03 09:40:00,74.75,74.79,74.748,74.828
2022-03-03 09:41:00,74.54,74.758,74.53,74.758
2022-03-03 09:42:00,74.39,74.42,74.39,74.52
2022-03-03 09:43:00,74.33,74.47,74.24,74.48
2022-03-03 09:44:00,74.47,74.36,74.34,74.64
2022-03-03 09:45:00,74.6,74.51,74.51,74.64
2022-03-03 09:46:00,74.48,74.57,74.48,74.57
2022-03-03 09:47:00,74.6,74.46,74.45,74.6
2022-03-03 09:48:00,74.53,74.47,74.45,74.58
2022-03-03 09:49:00,74.53,74.61,74.48,74.61
2022-03-03 09:50:00,74.69,74.47,74.47,74.78
2022-03-03 09:51:00,74.85,74.63,74.62,74.92
2022-03-03 09:52:00,74.82,74.8,74.8,74.82
2022-03-03 09:53:00,74.71,74.65,74.63,74.73
2022-03-03 09:54:00,74.68,74.69,74.67,74.74
2022-03-03 09:55:00,74.89,74.73,74.73,75.1
2022-03-03 09:56:00,74.76,74.95,74.72,74.95
2022-03-03 09:57:00,74.9,74.77,74.75,74.9
2022-03-03 09:58:00,74.91,74.94,74.91,75.0
2022-03-03 09:59:00,75.01,74.9,74.87,75.025
2022-03-03 10:00:00,75.24,75.06,75.05,75.27
2022-03-03 10:01:00,75.18,75.25,75.15,75.25
2022-03-03 10:02:00,75.12,75.16,75.11,75.21
2022-03-03 10:03:00,75.45,75.35,75.33,75.49
2022-03-03 10:04:00,75.32,75.41,75.32,75.425
2022-03-03 10:05:00,75.65,75.38,75.37,75.67
2022-03-03 10:06:00,75.675,75.63,75.53,75.68
2022-03-03 10:07:00,75.81,75.69,75.69,75.86
2022-03-03 10:08:00,76.09,75.81,75.81,76.115
2022-03-03 10:09:00,76.0,76.1,76.0,76.18
2022-03-03 10:10:00,76.05,75.94,75.91,76.05
2022-03-03 10:11:00,75.95,76.07,75.95,76.13
2022-03-03 10:12:00,75.81,75.89,75.81,75.975
2022-03-03 10:13:00,75.73,75.77,75.72,75.81
2022-03-03 10:14:00,75.825,75.805,75.8,75.96
2022-03-03 10:15:00,76.17,75.94,75.92,76.23
2022-03-03 10:16:00,76.21,76.12,76.12,76.24
2022-03-03 10:17:00,76.14,76.22,76.14,76.36
2022-03-03 10:18:00,76.16,76.195,76.14,76.28
2022-03-03 10:19:00,75.97,76.1,75.95,76.12
2022-03-03 10:20:00,75.94,75.99,75.93,76.02
2022-03-03 10:21:00,76.12,75.94,75.94,76.25
2022-03-03 10:22:00,76.14,76.16,76.06,76.16
2022-03-03 10:23:00,76.13,76.17,76.06,76.24
2022-03-03 10:24:00,76.16,76.18,76.1,76.19
2022-03-03 10:25:00,75.8,76.11,75.8,76.11
2022-03-03 10:26:00,75.74,75.87,75.695,75.87
2022-03-03 10:27:00,75.65,75.73,75.51,75.78
2022-03-03 10:28:00,75.68,75.65,75.54,75.765
2022-03-03 10:29:00,75.72,75.85,75.72,75.89
2022-03-03 10:30:00,75.81,75.76,75.76,75.92
2022-03-03 10:31:00,75.94,76.0,75.94,76.02
2022-03-03 10:32:00,75.81,75.86,75.81,75.86
2022-03-03 10:33:00,75.59,75.72,75.57,75.73
2022-03-03 10:34:00,75.26,75.5,75.24,75.5
2022-03-03 10:35:00,75.26,75.36,75.18,75.36
2022-03-03 10:36:00,75.17,75.33,75.14,75.33
2022-03-03 10:37:00,75.26,75.06,75.06,75.33
2022-03-03 10:38:00,75.31,75.22,75.22,75.31
2022-03-03 10:39:00,75.13,75.33,75.05,75.33
2022-03-03 10:40:00,75.02,75.05,75.02,75.05
2022-03-03 10:41:00,74.94,75.1,74.86,75.1
2022-03-03 10:42:00,74.81,74.97,74.75,74.97
2022-03-03 10:43:00,75.04,74.81,74.78,75.04
2022-03-03 10:44:00,75.03,75.03,75.03,75.11
2022-03-03 10:45:00,75.02,74.89,74.89,75.03
2022-03-03 10:46:00,75.2,75.0,75.0,75.2
2022-03-03 10:47:00,75.05,75.18,75.05,75.18
2022-03-03 10:48:00,75.03,75.11,75.03,75.12
2022-03-03 10:49:00,75.45,75.16,75.16,75.5
2022-03-03 10:50:00,75.485,75.53,75.46,75.53
2022-03-03 10:51:00,75.48,75.53,75.44,75.53
2022-03-03 10:52:00,75.29,75.41,75.23,75.47
2022-03-03 10:53:00,75.17,75.24,75.14,75.26
2022-03-03 10:54:00,75.13,75.13,75.13,75.13
2022-03-03 10:55:00,75.28,75.28,75.27,75.44
2022-03-03 10:56:00,75.31,75.27,75.21,75.34
2022-03-03 10:57:00,75.24,75.25,75.13,75.25
2022-03-03 10:58:00,75.03,75.11,74.97,75.11
2022-03-03 10:59:00,74.87,74.97,74.87,75.0
2022-03-03 11:00:00,74.85,74.88,74.85,74.91
2022-03-03 11:01:00,75.03,75.01,75.01,75.11
2022-03-03 11:02:00,74.64,74.95,74.62,74.95
2022-03-03 11:03:00,74.68,74.63,74.63,74.69
2022-03-03 11:04:00,74.82,74.73,74.73,74.86
2022-03-03 11:05:00,74.89,74.86,74.67,74.89
2022-03-03 11:06:00,74.74,74.87,74.74,74.87
2022-03-03 11:07:00,74.74,74.76,74.74,74.8
2022-03-03 11:08:00,74.7,74.76,74.69,74.815
2022-03-03 11:09:00,74.85,74.69,74.64,74.87
2022-03-03 11:10:00,75.02,74.91,74.91,75.02
2022-03-03 11:11:00,74.97,75.005,74.93,75.005
2022-03-03 11:12:00,75.04,74.97,74.97,75.05
2022-03-03 11:13:00,75.06,75.13,75.01,75.17
2022-03-03 11:14:00,74.83,75.02,74.83,75.02
2022-03-03 11:15:00,74.86,74.88,74.75,74.88
2022-03-03 11:16:00,74.75,74.8,74.695,74.81
2022-03-03 11:17:00,75.18,74.88,74.86,75.21
2022-03-03 11:18:00,75.04,75.15,74.99,75.15
2022-03-03 11:19:00,75.2,75.05,75.05,75.33
2022-03-03 11:20:00,75.32,75.22,75.21,75.32
2022-03-03 11:21:00,75.35,75.36,75.35,75.44
2022-03-03 11:22:00,75.23,75.25,75.18,75.33
2022-03-03 11:23:00,75.46,75.33,75.33,75.6
2022-03-03 11:24:00,75.545,75.46,75.46,75.545
2022-03-03 11:25:00,75.24,75.39,75.2,75.39
2022-03-03 11:26:00,75.16,75.21,74.99,75.25
2022-03-03 11:27:00,75.14,75.16,75.13,75.16
2022-03-03 11:28:00,75.42,75.13,75.13,75.44
2022-03-03 11:29:00,75.57,75.47,75.44,75.57
2022-03-03 11:30:00,75.58,75.66,75.57,75.68
2022-03-03 11:31:00,75.5,75.57,75.42,75.6
2022-03-03 11:32:00,75.62,75.5,75.42,75.64
2022-03-03 11:33:00,75.39,75.55,75.36,75.55
2022-03-03 11:34:00,75.16,75.41,75.16,75.41
2022-03-03 11:35:00,75.17,75.15,75.11,75.185
2022-03-03 11:36:00,75.05,75.14,75.04,75.14
2022-03-03 11:37:00,75.12,75.05,74.94,75.16
2022-03-03 11:38:00,75.17,75.15,75.14,75.23
2022-03-03 11:39:00,75.1,75.14,74.98,75.14
2022-03-03 11:40:00,75.07,75.21,75.01,75.23
2022-03-03 11:41:00,75.11,75.08,75.08,75.12
2022-03-03 11:42:00,75.35,75.2,75.19,75.35
2022-03-03 11:43:00,75.41,75.29,75.29,75.51
2022-03-03 11:44:00,75.35,75.4,75.35,75.47
2022-03-03 11:45:00,75.43,75.37,75.33,75.43
2022-03-03 11:46:00,75.34,75.38,75.33,75.45
2022-03-03 11:47:00,75.26,75.41,75.26,75.42
2022-03-03 11:48:00,75.26,75.23,75.21,75.26
2022-03-03 11:49:00,75.34,75.3,75.3,75.35
2022-03-03 11:50:00,75.14,75.14,75.14,75.14
2022-03-03 11:51:00,75.2,75.15,75.02,75.2
2022-03-03 11:52:00,75.15,75.21,75.15,75.21
2022-03-03 11:53:00,75.1,75.15,75.07,75.15
2022-03-03 11:54:00,75.17,75.16,75.11,75.17
2022-03-03 11:55:00,75.16,75.14,75.14,75.16
2022-03-03 11:56:00,75.07,75.07,75.07,75.07
2022-03-03 11:57:00,74.92,75.06,74.92,75.14
2022-03-03 11:58:00,74.92,74.98,74.88,74.98
2022-03-03 11:59:00,74.91,74.94,74.91,75.02
2022-03-03 12:00:00,74.94,74.93,74.93,74.99
2022-03-03 12:01:00,75.21,74.97,74.97,75.21
2022-03-03 12:02:00,75.2,75.2,75.2,75.29
2022-03-03 12:03:00,75.19,75.18,75.15,75.2
2022-03-03 12:04:00,75.18,75.18,75.18,75.18
2022-03-03 12:05:00,75.18,75.18,75.18,75.18
2022-03-03 12:06:00,75.42,75.27,75.21,75.42
2022-03-03 12:07:00,75.52,75.39,75.39,75.53
2022-03-03 12:08:00,75.52,75.55,75.46,75.59
2022-03-03 12:09:00,75.61,75.5,75.43,75.61
2022-03-03 12:10:00,75.74,75.63,75.63,75.76
2022-03-03 12:11:00,75.6,75.68,75.6,75.7
2022-03-03 12:12:00,75.46,75.6,75.46,75.6
2022-03-03 12:13:00,75.53,75.53,75.53,75.54
2022-03-03 12:14:00,75.6,75.52,75.44,75.6
2022-03-03 12:15:00,75.68,75.66,75.66,75.74
2022-03-03 12:16:00,75.7,75.72,75.64,75.77
2022-03-03 12:17:00,75.65,75.69,75.6,75.69
2022-03-03 12:18:00,75.5,75.66,75.48,75.67
2022-03-03 12:19:00,75.48,75.52,75.48,75.53
2022-03-03 12:20:00,75.6,75.53,75.52,75.6
2022-03-03 12:21:00,75.49,75.56,75.49,75.56
2022-03-03 12:22:00,75.52,75.46,75.46,75.52
2022-03-03 12:23:00,75.63,75.51,75.51,75.64
2022-03-03 12:24:00,75.74,75.64,75.61,75.74
2022-03-03 12:25:00,75.75,75.83,75.73,75.83
2022-03-03 12:26:00,75.75,75.76,75.75,75.77
2022-03-03 12:27:00,75.82,75.73,75.73,75.82
2022-03-03 12:28:00,75.95,75.81,75.81,75.98
2022-03-03 12:29:00,75.87,76.01,75.87,76.03
2022-03-03 12:30:00,75.91,75.91,75.85,75.93
2022-03-03 12:31:00,75.94,75.99,75.94,76.0
2022-03-03 12:32:00,76.05,75.97,75.65,76.11
2022-03-03 12:33:00,76.01,76.01,75.93,76.03
2022-03-03 12:34:00,75.99,76.04,75.95,76.04
2022-03-03 12:35:00,76.04,76.06,75.83,76.2
2022-03-03 12:36:00,76.17,75.97,75.97,76.24
2022-03-03 12:37:00,75.71,76.1,75.68,76.1
2022-03-03 12:38:00,75.58,75.71,75.58,75.8
2022-03-03 12:39:00,75.71,75.57,75.57,75.75
2022-03-03 12:40:00,75.64,75.71,75.64,75.725
2022-03-03 12:41:00,75.62,75.7,75.61,75.71
2022-03-03 12:42:00,75.53,75.69,75.46,75.69
2022-03-03 12:43:00,75.41,75.6,75.38,75.6
2022-03-03 12:44:00,75.27,75.39,75.26,75.47
2022-03-03 12:45:00,74.96,75.23,74.87,75.25
2022-03-03 12:46:00,75.11,74.92,74.9,75.12
2022-03-03 12:47:00,75.27,75.09,75.09,75.33
2022-03-03 12:48:00,75.05,75.26,75.02,75.29
2022-03-03 12:49:00,75.0,75.08,74.95,75.13
2022-03-03 12:50:00,74.75,74.95,74.75,74.98
2022-03-03 12:51:00,74.67,74.92,74.6,74.98
2022-03-03 12:52:00,74.73,74.73,74.67,74.81
2022-03-03 12:53:00,74.73,74.705,74.7,74.76
2022-03-03 12:54:00,74.96,74.76,74.76,75.03
2022-03-03 12:55:00,74.98,75.05,74.98,75.09
2022-03-03 12:56:00,74.83,74.97,74.82,74.97
2022-03-03 12:57:00,74.86,74.84,74.81,74.92
2022-03-03 12:58:00,74.93,74.88,74.87,74.94
2022-03-03 12:59:00,75.02,74.9,74.88,75.02
2022-03-03 13:00:00,74.95,75.03,74.91,75.03
2022-03-03 13:01:00,74.85,74.94,74.85,74.95
2022-03-03 13:02:00,74.67,74.86,74.66,74.88
2022-03-03 13:03:00,74.58,74.71,74.51,74.73
2022-03-03 13:04:00,74.86,74.63,74.63,74.87
2022-03-03 13:05:00,75.03,74.85,74.8,75.03
2022-03-03 13:06:00,75.05,75.05,75.02,75.12
2022-03-03 13:07:00,75.07,75.04,75.01,75.09
2022-03-03 13:08:00,75.03,75.03,74.96,75.03
2022-03-03 13:09:00,75.0,75.01,75.0,75.06
2022-03-03 13:10:00,74.97,74.89,74.89,74.97
2022-03-03 13:11:00,74.99,75.0,74.99,75.0
2022-03-03 13:12:00,74.99,75.0,74.99,75.0
2022-03-03 13:13:00,75.04,75.04,75.04,75.04
2022-03-03 13:14:00,75.04,75.06,75.04,75.06
2022-03-03 13:15:00,75.28,75.03,75.03,75.35
2022-03-03 13:16:00,75.18,75.25,75.18,75.25
2022-03-03 13:17:00,75.07,75.06,75.02,75.11
2022-03-03 13:18:00,75.2,75.2,75.2,75.2
2022-03-03 13:19:00,75.11,75.11,75.11,75.11
2022-03-03 13:20:00,75.02,75.05,75.02,75.05
2022-03-03 13:21:00,74.97,75.07,74.97,75.07
2022-03-03 13:22:00,74.9,74.9,74.9,74.9
2022-03-03 13:23:00,74.92,74.87,74.85,74.94
2022-03-03 13:24:00,74.82,74.9,74.82,74.9
2022-03-03 13:25:00,74.9,74.82,74.82,74.9
2022-03-03 13:26:00,75.03,75.06,75.03,75.11
2022-03-03 13:27:00,74.94,75.01,74.94,75.01
2022-03-03 13:28:00,74.81,74.94,74.81,74.94
2022-03-03 13:29:00,74.72,74.82,74.71,74.82
2022-03-03 13:30:00,74.76,74.7,74.7,74.76
2022-03-03 13:31:00,74.81,74.77,74.77,74.81
2022-03-03 13:32:00,74.98,74.91,74.88,74.98
2022-03-03 13:33:00,75.05,75.04,75.0,75.1
2022-03-03 13:34:00,75.02,75.08,75.02,75.13
2022-03-03 13:35:00,75.01,75.01,75.0,75.01
2022-03-03 13:36:00,74.96,75.0,74.96,75.0
2022-03-03 13:37:00,74.92,74.92,74.92,74.92
2022-03-03 13:38:00,75.03,75.02,75.02,75.06
2022-03-03 13:39:00,75.06,75.06,75.06,75.06
2022-03-03 13:40:00,75.3,75.05,75.05,75.3
2022-03-03 13:41:00,75.26,75.29,75.26,75.29
2022-03-03 13:42:00,75.27,75.3,75.27,75.34
2022-03-03 13:43:00,75.23,75.25,75.23,75.31
2022-03-03 13:44:00,75.19,75.22,75.17,75.22
2022-03-03 13:45:00,75.29,75.24,75.24,75.29
2022-03-03 13:46:00,75.25,75.36,75.25,75.39
2022-03-03 13:47:00,75.21,75.21,75.21,75.22
2022-03-03 13:48:00,75.21,75.21,75.21,75.22
2022-03-03 13:49:00,75.34,75.36,75.34,75.36
2022-03-03 13:50:00,75.37,75.38,75.37,75.4
2022-03-03 13:51:00,75.24,75.34,75.23,75.39
2022-03-03 13:52:00,75.26,75.24,75.2,75.28
2022-03-03 13:53:00,75.21,75.14,75.13,75.21
2022-03-03 13:54:00,75.0,75.06,75.0,75.06
2022-03-03 13:55:00,75.08,75.03,75.03,75.12
2022-03-03 13:56:00,75.04,75.09,75.03,75.09
2022-03-03 13:57:00,75.06,74.99,74.97,75.06
2022-03-03 13:58:00,75.13,75.06,75.04,75.15
2022-03-03 13:59:00,74.97,75.0,74.95,75.0
2022-03-03 14:00:00,74.97,74.96,74.96,74.99
2022-03-03 14:01:00,75.13,75.09,75.09,75.13
2022-03-03 14:02:00,75.07,75.08,75.05,75.08
2022-03-03 14:03:00,75.07,75.08,75.05,75.08
2022-03-03 14:04:00,75.24,75.2,75.19,75.24
2022-03-03 14:05:00,75.26,75.27,75.23,75.28
2022-03-03 14:06:00,75.24,75.21,75.17,75.24
2022-03-03 14:07:00,75.25,75.23,75.23,75.25
2022-03-03 14:08:00,75.2,75.2,75.2,75.2
2022-03-03 14:09:00,75.16,75.16,75.16,75.16
2022-03-03 14:10:00,75.16,75.16,75.16,75.16
2022-03-03 14:11:00,75.02,75.02,74.97,75.03
2022-03-03 14:12:00,75.02,75.12,75.02,75.16
2022-03-03 14:13:00,75.1,75.1,75.1,75.1
2022-03-03 14:14:00,75.0,75.05,75.0,75.05
2022-03-03 14:15:00,74.94,75.0,74.94,75.0
2022-03-03 14:16:00,75.09,74.96,74.94,75.1
2022-03-03 14:17:00,75.08,75.09,75.08,75.09
2022-03-03 14:18:00,75.12,75.12,75.11,75.12
2022-03-03 14:19:00,75.05,75.0,75.0,75.05
2022-03-03 14:20:00,75.09,75.09,75.09,75.09
2022-03-03 14:21:00,74.92,75.0,74.89,75.0
2022-03-03 14:22:00,74.63,74.91,74.63,74.91
2022-03-03 14:23:00,74.59,74.63,74.5,74.65
2022-03-03 14:24:00,74.42,74.51,74.42,74.54
2022-03-03 14:25:00,74.42,74.45,74.35,74.47
2022-03-03 14:26:00,74.25,74.35,74.231,74.35
2022-03-03 14:27:00,74.43,74.27,74.27,74.43
2022-03-03 14:28:00,74.3,74.49,74.26,74.54
2022-03-03 14:29:00,74.13,74.221,74.13,74.26
2022-03-03 14:30:00,74.15,74.24,74.02,74.24
2022-03-03 14:31:00,74.27,74.22,74.22,74.47
2022-03-03 14:32:00,74.23,74.29,74.21,74.29
2022-03-03 14:33:00,74.21,74.22,74.14,74.22
2022-03-03 14:34:00,74.31,74.2,74.09,74.31
2022-03-03 14:35:00,74.21,74.26,74.2,74.26
2022-03-03 14:36:00,74.06,74.15,74.06,74.15
2022-03-03 14:37:00,74.07,74.07,74.0,74.07
2022-03-03 14:38:00,74.17,74.06,74.05,74.18
2022-03-03 14:39:00,74.17,74.14,74.14,74.25
2022-03-03 14:40:00,74.09,74.21,74.09,74.21
2022-03-03 14:41:00,74.16,74.16,74.16,74.16
2022-03-03 14:42:00,74.22,74.17,74.17,74.26
2022-03-03 14:43:00,74.35,74.25,74.19,74.36
2022-03-03 14:44:00,74.29,74.29,74.28,74.341
2022-03-03 14:45:00,74.27,74.27,74.27,74.27
2022-03-03 14:46:00,74.14,74.22,74.12,74.24
2022-03-03 14:47:00,74.22,74.17,74.17,74.32
2022-03-03 14:48:00,74.23,74.21,74.21,74.23
2022-03-03 14:49:00,74.15,74.16,74.15,74.16
2022-03-03 14:50:00,74.15,74.16,74.15,74.16
2022-03-03 14:51:00,74.12,74.15,74.12,74.15
2022-03-03 14:52:00,74.13,74.1,74.1,74.13
2022-03-03 14:53:00,74.14,74.15,74.14,74.15
2022-03-03 14:54:00,74.15,74.14,74.14,74.2
2022-03-03 14:55:00,74.23,74.16,74.16,74.26
2022-03-03 14:56:00,74.2,74.22,74.2,74.22
2022-03-03 14:57:00,74.21,74.21,74.21,74.21
2022-03-03 14:58:00,74.22,74.23,74.21,74.23
2022-03-03 14:59:00,74.25,74.22,74.22,74.25
2022-03-03 15:00:00,74.17,74.21,74.15,74.21
2022-03-03 15:01:00,74.2,74.2,74.2,74.2
2022-03-03 15:02:00,74.22,74.15,74.14,74.22
2022-03-03 15:03:00,74.22,74.28,74.22,74.34
2022-03-03 15:04:00,74.4,74.26,74.23,74.4
2022-03-03 15:05:00,74.36,74.4,74.35,74.4
2022-03-03 15:06:00,74.36,74.36,74.36,74.45
2022-03-03 15:07:00,74.4,74.25,74.25,74.4
2022-03-03 15:08:00,74.36,74.4,74.36,74.4
2022-03-03 15:09:00,74.28,74.28,74.28,74.28
2022-03-03 15:10:00,74.33,74.29,74.29,74.33
2022-03-03 15:11:00,74.33,74.29,74.29,74.33
2022-03-03 15:12:00,74.33,74.29,74.29,74.33
2022-03-03 15:13:00,74.33,74.29,74.29,74.33
2022-03-03 15:14:00,74.5,74.5,74.5,74.57
2022-03-03 15:15:00,74.57,74.55,74.55,74.59
2022-03-03 15:16:00,74.51,74.6,74.51,74.6
2022-03-03 15:17:00,74.43,74.42,74.42,74.43
2022-03-03 15:18:00,74.44,74.44,74.44,74.46
2022-03-03 15:19:00,74.52,74.52,74.52,74.52
2022-03-03 15:20:00,74.52,74.54,74.52,74.54
2022-03-03 15:21:00,74.47,74.51,74.47,74.52
2022-03-03 15:22:00,74.57,74.53,74.52,74.57
2022-03-03 15:23:00,74.64,74.55,74.54,74.64
2022-03-03 15:24:00,74.73,74.62,74.62,74.73
2022-03-03 15:25:00,74.78,74.73,74.67,74.82
2022-03-03 15:26:00,74.78,74.82,74.76,74.82
2022-03-03 15:27:00,74.75,74.79,74.75,74.81
2022-03-03 15:28:00,74.8,74.73,74.71,74.8
2022-03-03 15:29:00,74.8,74.78,74.78,74.8
2022-03-03 15:30:00,74.8,74.79,74.79,74.81
2022-03-03 15:31:00,74.71,74.81,74.69,74.81
2022-03-03 15:32:00,74.77,74.74,74.72,74.78
2022-03-03 15:33:00,74.69,74.78,74.69,74.78
2022-03-03 15:34:00,74.7,74.69,74.69,74.7
2022-03-03 15:35:00,74.73,74.73,74.72,74.75
2022-03-03 15:36:00,74.74,74.75,74.74,74.75
2022-03-03 15:37:00,74.72,74.76,74.72,74.76
2022-03-03 15:38:00,74.65,74.71,74.65,74.71
2022-03-03 15:39:00,74.69,74.64,74.63,74.69
2022-03-03 15:40:00,74.71,74.7,74.7,74.71
2022-03-03 15:41:00,74.7,74.72,74.7,74.73
2022-03-03 15:42:00,74.7,74.7,74.69,74.72
2022-03-03 15:43:00,74.67,74.7,74.66,74.71
2022-03-03 15:44:00,74.66,74.67,74.65,74.68
2022-03-03 15:45:00,74.66,74.66,74.65,74.67
2022-03-03 15:46:00,74.62,74.655,74.61,74.66
2022-03-03 15:47:00,74.61,74.62,74.6,74.64
2022-03-03 15:48:00,74.59,74.61,74.59,74.62
2022-03-03 15:49:00,74.62,74.59,74.585,74.62
2022-03-03 15:50:00,74.61,74.61,74.58,74.62
2022-03-03 15:51:00,74.66,74.63,74.63,74.67
2022-03-03 15:52:00,74.69,74.67,74.66,74.69
2022-03-03 15:53:00,74.67,74.69,74.67,74.69
2022-03-03 15:54:00,74.66,74.675,74.63,74.685
2022-03-03 15:55:00,74.66,74.66,74.65,74.675
2022-03-03 15:56:00,74.68,74.66,74.62,74.68
2022-03-03 15:57:00,74.67,74.68,74.67,74.69
2022-03-03 15:58:00,74.64,74.675,74.63,74.675
2022-03-03 15:59:00,74.53,74.64,74.5,74.645
2022-03-03 16:00:00,74.53,74.52,74.52,74.56
2022-03-04 09:31:00,77.15,77.0,77.0,77.24
2022-03-04 09:32:00,77.21,77.15,77.1,77.25
2022-03-04 09:33:00,77.3,77.23,77.2,77.31
2022-03-04 09:34:00,77.27,77.36,77.27,77.36
2022-03-04 09:35:00,77.25,77.28,77.18,77.28
2022-03-04 09:36:00,77.23,77.25,77.22,77.28
2022-03-04 09:37:00,77.25,77.3,77.25,77.3
2022-03-04 09:38:00,77.3,77.27,77.25,77.33
2022-03-04 09:39:00,77.62,77.32,77.31,77.62
2022-03-04 09:40:00,77.575,77.64,77.52,77.64
2022-03-04 09:41:00,77.62,77.53,77.52,77.68
2022-03-04 09:42:00,77.65,77.69,77.57,77.74
2022-03-04 09:43:00,77.77,77.65,77.63,77.77
2022-03-04 09:44:00,77.65,77.75,77.65,77.75
2022-03-04 09:45:00,77.57,77.66,77.57,77.67
2022-03-04 09:46:00,77.76,77.67,77.67,77.76
2022-03-04 09:47:00,77.86,77.75,77.72,77.89
2022-03-04 09:48:00,77.81,77.84,77.73,77.84
2022-03-04 09:49:00,77.95,77.84,77.83,77.95
2022-03-04 09:50:00,77.95,77.95,77.89,77.96
2022-03-04 09:51:00,77.82,77.91,77.82,77.92
2022-03-04 09:52:00,77.87,77.83,77.83,77.89
2022-03-04 09:53:00,77.79,77.83,77.75,77.83
2022-03-04 09:54:00,77.82,77.81,77.77,77.82
2022-03-04 09:55:00,77.735,77.79,77.69,77.79
2022-03-04 09:56:00,77.68,77.78,77.68,77.79
2022-03-04 09:57:00,77.59,77.7,77.59,77.71
2022-03-04 09:58:00,77.6,77.64,77.56,77.7
2022-03-04 09:59:00,77.49,77.59,77.46,77.59
2022-03-04 10:00:00,77.46,77.49,77.4,77.5
2022-03-04 10:01:00,77.37,77.49,77.34,77.55
2022-03-04 10:02:00,77.47,77.38,77.24,77.47
2022-03-04 10:03:00,77.35,77.48,77.34,77.5
2022-03-04 10:04:00,77.46,77.32,77.32,77.5
2022-03-04 10:05:00,77.54,77.43,77.395,77.6
2022-03-04 10:06:00,77.72,77.56,77.56,77.72
2022-03-04 10:07:00,77.77,77.63,77.63,77.77
2022-03-04 10:08:00,77.875,77.79,77.79,77.88
2022-03-04 10:09:00,77.85,77.9,77.85,77.95
2022-03-04 10:10:00,77.83,77.9,77.83,77.92
2022-03-04 10:11:00,77.85,77.87,77.85,77.94
2022-03-04 10:12:00,77.92,77.88,77.76,77.95
2022-03-04 10:13:00,77.99,77.91,77.91,77.99
2022-03-04 10:14:00,77.89,77.97,77.83,78.02
2022-03-04 10:15:00,78.02,77.97,77.94,78.07
2022-03-04 10:16:00,77.96,78.01,77.96,78.04
2022-03-04 10:17:00,77.94,78.03,77.93,78.04
2022-03-04 10:18:00,77.8,77.95,77.775,77.95
2022-03-04 10:19:00,77.77,77.79,77.77,77.86
2022-03-04 10:20:00,77.89,77.795,77.74,77.929
2022-03-04 10:21:00,77.97,77.88,77.87,78.01
2022-03-04 10:22:00,78.01,77.97,77.93,78.02
2022-03-04 10:23:00,77.97,77.96,77.91,77.99
2022-03-04 10:24:00,77.8,77.96,77.76,77.97
2022-03-04 10:25:00,77.78,77.78,77.74,77.81
2022-03-04 10:26:00,77.91,77.79,77.72,77.92
2022-03-04 10:27:00,77.98,77.885,77.885,78.0
2022-03-04 10:28:00,77.98,78.01,77.92,78.02
2022-03-04 10:29:00,77.975,77.95,77.95,77.975
2022-03-04 10:30:00,77.865,77.97,77.84,77.98
2022-03-04 10:31:00,77.85,77.89,77.85,77.92
2022-03-04 10:32:00,77.8,77.85,77.78,77.86
2022-03-04 10:33:00,77.79,77.82,77.78,77.87
2022-03-04 10:34:00,77.55,77.76,77.49,77.785
2022-03-04 10:35:00,77.49,77.63,77.465,77.63
2022-03-04 10:36:00,77.43,77.41,77.39,77.46
2022-03-04 10:37:00,77.39,77.43,77.39,77.5
2022-03-04 10:38:00,77.59,77.5,77.49,77.59
2022-03-04 10:39:00,77.535,77.6,77.535,77.69
2022-03-04 10:40:00,77.535,77.51,77.51,77.535
2022-03-04 10:41:00,77.56,77.56,77.53,77.56
2022-03-04 10:42:00,77.585,77.585,77.585,77.585
2022-03-04 10:43:00,77.66,77.61,77.61,77.66
2022-03-04 10:44:00,77.53,77.56,77.49,77.56
2022-03-04 10:45:00,77.46,77.55,77.46,77.59
2022-03-04 10:46:00,77.41,77.5,77.37,77.5
2022-03-04 10:47:00,77.53,77.45,77.42,77.53
2022-03-04 10:48:00,77.35,77.48,77.31,77.485
2022-03-04 10:49:00,77.16,77.39,77.13,77.39
2022-03-04 10:50:00,77.17,77.19,77.16,77.22
2022-03-04 10:51:00,77.3,77.3,77.295,77.3
2022-03-04 10:52:00,77.345,77.33,77.32,77.38
2022-03-04 10:53:00,77.48,77.39,77.39,77.48
2022-03-04 10:54:00,77.3,77.35,77.28,77.35
2022-03-04 10:55:00,77.4,77.38,77.38,77.4
2022-03-04 10:56:00,77.51,77.37,77.37,77.52
2022-03-04 10:57:00,77.5,77.5,77.47,77.51
2022-03-04 10:58:00,77.495,77.48,77.47,77.51
2022-03-04 10:59:00,77.5,77.47,77.42,77.5
2022-03-04 11:00:00,77.57,77.48,77.47,77.58
2022-03-04 11:01:00,77.48,77.61,77.46,77.64
2022-03-04 11:02:00,77.36,77.48,77.35,77.485
2022-03-04 11:03:00,77.19,77.33,77.12,77.34
2022-03-04 11:04:00,77.03,77.22,76.97,77.22
2022-03-04 11:05:00,76.96,76.99,76.88,77.05
2022-03-04 11:06:00,77.14,76.92,76.92,77.18
2022-03-04 11:07:00,77.16,77.13,77.06,77.18
2022-03-04 11:08:00,77.21,77.22,77.21,77.23
2022-03-04 11:09:00,77.3,77.24,77.09,77.3
2022-03-04 11:10:00,77.24,77.29,77.24,77.35
2022-03-04 11:11:00,77.16,77.23,77.1,77.25
2022-03-04 11:12:00,77.2,77.2,77.14,77.25
2022-03-04 11:13:00,77.09,77.19,77.09,77.22
2022-03-04 11:14:00,77.38,77.14,77.14,77.39
2022-03-04 11:15:00,77.25,77.38,77.25,77.38
2022-03-04 11:16:00,77.27,77.32,77.24,77.32
2022-03-04 11:17:00,77.14,77.29,77.14,77.31
2022-03-04 11:18:00,76.96,77.09,76.94,77.1
2022-03-04 11:19:00,76.8,76.94,76.8,76.96
2022-03-04 11:20:00,76.67,76.77,76.67,76.83
2022-03-04 11:21:00,76.82,76.74,76.74,76.82
2022-03-04 11:22:00,77.02,76.76,76.76,77.02
2022-03-04 11:23:00,76.9,76.96,76.9,76.97
2022-03-04 11:24:00,76.92,76.91,76.88,77.0
2022-03-04 11:25:00,76.96,76.94,76.94,76.98
2022-03-04 11:26:00,77.07,76.95,76.94,77.075
2022-03-04 11:27:00,77.07,77.13,77.07,77.15
2022-03-04 11:28:00,77.21,77.13,77.13,77.22
2022-03-04 11:29:00,77.25,77.22,77.14,77.25
2022-03-04 11:30:00,77.1,77.19,77.1,77.25
2022-03-04 11:31:00,77.07,77.12,76.97,77.17
2022-03-04 11:32:00,77.0,77.09,77.0,77.09
2022-03-04 11:33:00,76.87,76.98,76.87,77.03
2022-03-04 11:34:00,76.93,76.89,76.88,76.93
2022-03-04 11:35:00,76.94,76.995,76.91,76.995
2022-03-04 11:36:00,76.84,76.87,76.84,76.87
2022-03-04 11:37:00,76.9,76.83,76.83,76.9
2022-03-04 11:38:00,76.98,76.91,76.9,77.01
2022-03-04 11:39:00,77.02,77.02,77.02,77.05
2022-03-04 11:40:00,77.06,77.06,77.06,77.06
2022-03-04 11:41:00,77.02,76.95,76.94,77.02
2022-03-04 11:42:00,77.02,76.95,76.95,77.02
2022-03-04 11:43:00,77.02,77.07,77.02,77.07
2022-03-04 11:44:00,77.09,77.06,77.02,77.09
2022-03-04 11:45:00,77.13,77.06,77.06,77.13
2022-03-04 11:46:00,77.04,77.02,77.02,77.05
2022-03-04 11:47:00,77.01,77.01,77.01,77.01
2022-03-04 11:48:00,77.09,77.0,76.995,77.1
2022-03-04 11:49:00,77.11,77.11,77.11,77.11
2022-03-04 11:50:00,77.03,76.99,76.99,77.03
2022-03-04 11:51:00,77.03,77.03,77.0,77.03
2022-03-04 11:52:00,77.08,77.1,77.04,77.1
2022-03-04 11:53:00,77.08,77.08,77.08,77.08
2022-03-04 11:54:00,77.07,77.09,77.07,77.09
2022-03-04 11:55:00,77.07,77.04,77.04,77.07
2022-03-04 11:56:00,76.895,77.08,76.895,77.08
2022-03-04 11:57:00,76.72,76.89,76.72,76.89
2022-03-04 11:58:00,76.68,76.77,76.65,76.77
2022-03-04 11:59:00,76.5,76.68,76.49,76.715
2022-03-04 12:00:00,76.52,76.46,76.41,76.52
2022-03-04 12:01:00,76.67,76.5,76.49,76.67
2022-03-04 12:02:00,76.66,76.65,76.63,76.68
2022-03-04 12:03:00,76.7,76.79,76.7,76.8
2022-03-04 12:04:00,76.61,76.64,76.61,76.69
2022-03-04 12:05:00,76.72,76.71,76.705,76.72
2022-03-04 12:06:00,76.62,76.66,76.62,76.67
2022-03-04 12:07:00,76.565,76.57,76.565,76.57
2022-03-04 12:08:00,76.67,76.52,76.52,76.67
2022-03-04 12:09:00,76.67,76.52,76.52,76.67
2022-03-04 12:10:00,76.56,76.66,76.54,76.66
2022-03-04 12:11:00,76.48,76.59,76.46,76.59
2022-03-04 12:12:00,76.35,76.44,76.35,76.44
2022-03-04 12:13:00,76.18,76.36,76.18,76.38
2022-03-04 12:14:00,76.36,76.23,76.23,76.36
2022-03-04 12:15:00,76.28,76.29,76.25,76.29
2022-03-04 12:16:00,76.31,76.25,76.25,76.33
2022-03-04 12:17:00,76.48,76.32,76.31,76.53
2022-03-04 12:18:00,76.39,76.45,76.39,76.45
2022-03-04 12:19:00,76.54,76.43,76.43,76.54
2022-03-04 12:20:00,76.52,76.57,76.52,76.58
2022-03-04 12:21:00,76.48,76.52,76.48,76.55
2022-03-04 12:22:00,76.43,76.48,76.4,76.51
2022-03-04 12:23:00,76.45,76.46,76.41,76.47
2022-03-04 12:24:00,76.58,76.45,76.45,76.58
2022-03-04 12:25:00,76.52,76.56,76.51,76.57
2022-03-04 12:26:00,76.49,76.53,76.49,76.56
2022-03-04 12:27:00,76.63,76.5,76.48,76.63
2022-03-04 12:28:00,76.618,76.66,76.618,76.66
2022-03-04 12:29:00,76.73,76.62,76.58,76.73
2022-03-04 12:30:00,76.74,76.72,76.72,76.79
2022-03-04 12:31:00,76.79,76.77,76.74,76.79
2022-03-04 12:32:00,76.85,76.79,76.79,76.85
2022-03-04 12:33:00,76.86,76.83,76.82,76.86
2022-03-04 12:34:00,76.92,76.85,76.84,76.95
2022-03-04 12:35:00,76.94,76.9,76.9,76.95
2022-03-04 12:36:00,77.07,76.96,76.95,77.07
2022-03-04 12:37:00,77.12,77.13,77.04,77.13
2022-03-04 12:38:00,77.16,77.14,77.12,77.17
2022-03-04 12:39:00,77.16,77.13,77.07,77.18
2022-03-04 12:40:00,77.21,77.17,77.17,77.21
2022-03-04 12:41:00,77.35,77.15,77.15,77.4
2022-03-04 12:42:00,77.33,77.3,77.3,77.38
2022-03-04 12:43:00,77.41,77.35,77.35,77.41
2022-03-04 12:44:00,77.37,77.4,77.32,77.4
2022-03-04 12:45:00,77.38,77.36,77.34,77.41
2022-03-04 12:46:00,77.39,77.37,77.37,77.42
2022-03-04 12:47:00,77.4,77.415,77.4,77.46
2022-03-04 12:48:00,77.365,77.42,77.36,77.42
2022-03-04 12:49:00,77.36,77.385,77.36,77.385
2022-03-04 12:50:00,77.39,77.37,77.37,77.45
2022-03-04 12:51:00,77.34,77.35,77.32,77.365
2022-03-04 12:52:00,77.37,77.39,77.355,77.4
2022-03-04 12:53:00,77.33,77.41,77.33,77.42
2022-03-04 12:54:00,77.37,77.34,77.33,77.42
2022-03-04 12:55:00,77.39,77.39,77.37,77.41
2022-03-04 12:56:00,77.39,77.38,77.38,77.395
2022-03-04 12:57:00,77.36,77.42,77.34,77.42
2022-03-04 12:58:00,77.29,77.31,77.29,77.32
2022-03-04 12:59:00,77.29,77.27,77.25,77.29
2022-03-04 13:00:00,77.2,77.24,77.19,77.25
2022-03-04 13:01:00,77.24,77.21,77.14,77.26
2022-03-04 13:02:00,77.19,77.25,77.16,77.31
2022-03-04 13:03:00,77.4,77.26,77.26,77.4
2022-03-04 13:04:00,77.58,77.47,77.47,77.58
2022-03-04 13:05:00,77.51,77.57,77.51,77.58
2022-03-04 13:06:00,77.59,77.54,77.54,77.59
2022-03-04 13:07:00,77.45,77.49,77.45,77.49
2022-03-04 13:08:00,77.41,77.49,77.41,77.49
2022-03-04 13:09:00,77.34,77.45,77.33,77.46
2022-03-04 13:10:00,77.36,77.4,77.36,77.41
2022-03-04 13:11:00,77.45,77.4,77.365,77.5
2022-03-04 13:12:00,77.47,77.44,77.44,77.51
2022-03-04 13:13:00,77.52,77.51,77.51,77.53
2022-03-04 13:14:00,77.57,77.52,77.48,77.57
2022-03-04 13:15:00,77.6,77.52,77.52,77.63
2022-03-04 13:16:00,77.6,77.65,77.6,77.7
2022-03-04 13:17:00,77.66,77.65,77.65,77.69
2022-03-04 13:18:00,77.64,77.67,77.6,77.67
2022-03-04 13:19:00,77.64,77.66,77.59,77.66
2022-03-04 13:20:00,77.56,77.55,77.55,77.63
2022-03-04 13:21:00,77.7,77.54,77.52,77.7
2022-03-04 13:22:00,77.69,77.68,77.68,77.69
2022-03-04 13:23:00,77.67,77.71,77.61,77.71
2022-03-04 13:24:00,77.6,77.67,77.59,77.67
2022-03-04 13:25:00,77.6,77.66,77.53,77.66
2022-03-04 13:26:00,77.675,77.57,77.57,77.675
2022-03-04 13:27:00,77.75,77.7,77.69,77.76
2022-03-04 13:28:00,77.76,77.73,77.73,77.76
2022-03-04 13:29:00,77.82,77.77,77.77,77.82
2022-03-04 13:30:00,77.91,77.9,77.87,77.95
2022-03-04 13:31:00,77.81,77.9,77.81,77.9
2022-03-04 13:32:00,77.81,77.85,77.81,77.9
2022-03-04 13:33:00,77.81,77.84,77.76,77.84
2022-03-04 13:34:00,77.81,77.84,77.76,77.84
2022-03-04 13:35:00,77.73,77.75,77.73,77.75
2022-03-04 13:36:00,77.75,77.73,77.67,77.75
2022-03-04 13:37:00,77.66,77.68,77.66,77.68
2022-03-04 13:38:00,77.51,77.68,77.51,77.68
2022-03-04 13:39:00,77.51,77.49,77.49,77.51
2022-03-04 13:40:00,77.65,77.65,77.65,77.65
2022-03-04 13:41:00,77.65,77.65,77.65,77.65
2022-03-04 13:42:00,77.74,77.57,77.57,77.74
2022-03-04 13:43:00,77.78,77.72,77.72,77.79
2022-03-04 13:44:00,77.74,77.77,77.73,77.81
2022-03-04 13:45:00,77.8,77.74,77.74,77.8
2022-03-04 13:46:00,77.76,77.75,77.74,77.78
2022-03-04 13:47:00,77.78,77.76,77.72,77.79
2022-03-04 13:48:00,77.72,77.72,77.72,77.72
2022-03-04 13:49:00,77.68,77.73,77.68,77.73
2022-03-04 13:50:00,77.65,77.74,77.65,77.74
2022-03-04 13:51:00,77.65,77.74,77.65,77.74
2022-03-04 13:52:00,77.62,77.55,77.55,77.62
2022-03-04 13:53:00,77.69,77.67,77.65,77.69
2022-03-04 13:54:00,77.58,77.61,77.58,77.61
2022-03-04 13:55:00,77.54,77.55,77.54,77.55
2022-03-04 13:56:00,77.5,77.58,77.5,77.58
2022-03-04 13:57:00,77.52,77.52,77.49,77.52
2022-03-04 13:58:00,77.61,77.54,77.54,77.62
2022-03-04 13:59:00,77.55,77.55,77.54,77.55
2022-03-04 14:00:00,77.54,77.54,77.54,77.54
2022-03-04 14:01:00,78.04,77.61,77.605,78.96
2022-03-04 14:02:00,78.42,78.1,78.07,78.6
2022-03-04 14:03:00,78.18,78.32,78.08,78.34
2022-03-04 14:04:00,78.37,78.15,78.1,78.37
2022-03-04 14:05:00,78.48,78.26,78.17,78.5
2022-03-04 14:06:00,78.49,78.48,78.46,78.73
2022-03-04 14:07:00,78.33,78.55,78.33,78.59
2022-03-04 14:08:00,78.2,78.35,78.18,78.35
2022-03-04 14:09:00,78.48,78.22,78.17,78.48
2022-03-04 14:10:00,78.4,78.46,78.4,78.51
2022-03-04 14:11:00,78.69,78.42,78.41,78.72
2022-03-04 14:12:00,78.79,78.71,78.69,78.83
2022-03-04 14:13:00,78.81,78.8,78.71,78.82
2022-03-04 14:14:00,78.74,78.78,78.69,78.81
2022-03-04 14:15:00,78.87,78.83,78.74,78.95
2022-03-04 14:16:00,78.825,78.89,78.81,78.91
2022-03-04 14:17:00,78.85,78.82,78.7,78.85
2022-03-04 14:18:00,79.03,78.96,78.82,79.03
2022-03-04 14:19:00,79.08,79.03,78.991,79.09
2022-03-04 14:20:00,79.03,79.12,78.95,79.12
2022-03-04 14:21:00,79.24,79.02,79.02,79.24
2022-03-04 14:22:00,79.13,79.18,79.02,79.18
2022-03-04 14:23:00,79.04,79.1,78.98,79.1
2022-03-04 14:24:00,79.01,79.09,78.96,79.09
2022-03-04 14:25:00,79.24,78.91,78.86,79.24
2022-03-04 14:26:00,79.1,79.24,79.1,79.25
2022-03-04 14:27:00,79.22,79.13,79.07,79.33
2022-03-04 14:28:00,79.43,79.22,79.22,79.44
2022-03-04 14:29:00,79.8,79.49,79.47,79.87
2022-03-04 14:30:00,79.82,79.77,79.69,79.9
2022-03-04 14:31:00,79.48,79.78,79.45,79.79
2022-03-04 14:32:00,79.58,79.46,79.45,79.64
2022-03-04 14:33:00,79.7,79.58,79.48,79.72
2022-03-04 14:34:00,79.72,79.7,79.63,79.77
2022-03-04 14:35:00,79.6,79.69,79.6,79.69
2022-03-04 14:36:00,79.47,79.565,79.47,79.565
2022-03-04 14:37:00,79.55,79.42,79.4,79.55
2022-03-04 14:38:00,79.32,79.53,79.3,79.53
2022-03-04 14:39:00,79.27,79.3,79.265,79.32
2022-03-04 14:40:00,79.29,79.29,79.265,79.32
2022-03-04 14:41:00,79.41,79.22,79.22,79.44
2022-03-04 14:42:00,79.54,79.47,79.47,79.54
2022-03-04 14:43:00,79.53,79.54,79.53,79.63
2022-03-04 14:44:00,79.54,79.58,79.54,79.58
2022-03-04 14:45:00,79.57,79.57,79.57,79.57
2022-03-04 14:46:00,79.65,79.62,79.62,79.69
2022-03-04 14:47:00,79.64,79.68,79.63,79.68
2022-03-04 14:48:00,79.57,79.669,79.57,79.69
2022-03-04 14:49:00,79.46,79.57,79.46,79.57
2022-03-04 14:50:00,79.37,79.4,79.36,79.4
2022-03-04 14:51:00,79.36,79.34,79.34,79.36
2022-03-04 14:52:00,79.42,79.39,79.39,79.44
2022-03-04 14:53:00,79.38,79.38,79.38,79.38
2022-03-04 14:54:00,79.44,79.45,79.44,79.45
2022-03-04 14:55:00,79.39,79.44,79.39,79.44
2022-03-04 14:56:00,79.34,79.39,79.34,79.39
2022-03-04 14:57:00,79.37,79.35,79.35,79.38
2022-03-04 14:58:00,79.34,79.32,79.3,79.34
2022-03-04 14:59:00,79.39,79.37,79.35,79.4
2022-03-04 15:00:00,79.52,79.5,79.5,79.58
2022-03-04 15:01:00,79.58,79.64,79.58,79.64
2022-03-04 15:02:00,79.57,79.56,79.55,79.58
2022-03-04 15:03:00,79.61,79.51,79.51,79.61
2022-03-04 15:04:00,79.57,79.6,79.57,79.6
2022-03-04 15:05:00,79.57,79.57,79.57,79.58
2022-03-04 15:06:00,79.64,79.57,79.56,79.64
2022-03-04 15:07:00,79.73,79.67,79.67,79.75
2022-03-04 15:08:00,79.86,79.72,79.7,79.869
2022-03-04 15:09:00,79.88,79.85,79.81,79.88
2022-03-04 15:10:00,79.74,79.84,79.73,79.84
2022-03-04 15:11:00,79.7,79.71,79.7,79.74
2022-03-04 15:12:00,79.73,79.74,79.72,79.75
2022-03-04 15:13:00,79.65,79.73,79.65,79.73
2022-03-04 15:14:00,79.59,79.66,79.55,79.66
2022-03-04 15:15:00,79.56,79.55,79.55,79.56
2022-03-04 15:16:00,79.45,79.461,79.41,79.48
2022-03-04 15:17:00,79.42,79.47,79.42,79.49
2022-03-04 15:18:00,79.46,79.5,79.46,79.5
2022-03-04 15:19:00,79.61,79.5,79.5,79.61
2022-03-04 15:20:00,79.68,79.67,79.67,79.68
2022-03-04 15:21:00,79.54,79.62,79.54,79.62
2022-03-04 15:22:00,79.58,79.61,79.58,79.61
2022-03-04 15:23:00,79.689,79.56,79.56,79.689
2022-03-04 15:24:00,79.64,79.67,79.63,79.68
2022-03-04 15:25:00,79.59,79.63,79.59,79.63
2022-03-04 15:26:00,79.66,79.65,79.65,79.68
2022-03-04 15:27:00,79.74,79.74,79.74,79.74
2022-03-04 15:28:00,79.54,79.61,79.54,79.67
2022-03-04 15:29:00,79.56,79.55,79.54,79.62
2022-03-04 15:30:00,79.53,79.57,79.52,79.57
2022-03-04 15:31:00,79.5,79.49,79.49,79.51
2022-03-04 15:32:00,79.49,79.48,79.48,79.54
2022-03-04 15:33:00,79.51,79.5,79.47,79.51
2022-03-04 15:34:00,79.479,79.499,79.42,79.55
2022-03-04 15:35:00,79.38,79.49,79.38,79.49
2022-03-04 15:36:00,79.37,79.3,79.3,79.38
2022-03-04 15:37:00,79.44,79.38,79.38,79.44
2022-03-04 15:38:00,79.57,79.53,79.51,79.58
2022-03-04 15:39:00,79.52,79.54,79.52,79.56
2022-03-04 15:40:00,79.54,79.569,79.51,79.569
2022-03-04 15:41:00,79.6,79.6,79.6,79.6
2022-03-04 15:42:00,79.53,79.52,79.5,79.56
2022-03-04 15:43:00,79.59,79.55,79.54,79.6
2022-03-04 15:44:00,79.719,79.67,79.67,79.72
2022-03-04 15:45:00,79.75,79.68,79.68,79.79
2022-03-04 15:46:00,79.73,79.73,79.73,79.74
2022-03-04 15:47:00,79.76,79.72,79.72,79.79
2022-03-04 15:48:00,79.72,79.75,79.69,79.75
2022-03-04 15:49:00,79.83,79.74,79.72,79.85
2022-03-04 15:50:00,79.8,79.8,79.79,79.82
2022-03-04 15:51:00,79.84,79.78,79.78,79.86
2022-03-04 15:52:00,79.92,79.85,79.845,79.92
2022-03-04 15:53:00,79.9,79.89,79.84,79.939
2022-03-04 15:54:00,79.93,79.905,79.885,80.0
2022-03-04 15:55:00,79.77,79.92,79.72,79.92
2022-03-04 15:56:00,79.65,79.71,79.65,79.74
2022-03-04 15:57:00,79.61,79.69,79.6,79.71
2022-03-04 15:58:00,79.392,79.61,79.39,79.62
2022-03-04 15:59:00,79.56,79.38,79.38,79.56
2022-03-04 16:00:00,79.46,79.53,79.38,79.53
2022-03-07 09:31:00,79.7,79.93,79.7,80.0
2022-03-07 09:32:00,79.89,79.79,79.75,79.89
2022-03-07 09:33:00,80.03,79.95,79.95,80.12
2022-03-07 09:34:00,80.42,79.95,79.95,80.5
2022-03-07 09:35:00,80.55,80.43,80.32,80.58
2022-03-07 09:36:00,80.64,80.58,80.42,80.66
2022-03-07 09:37:00,80.57,80.63,80.54,80.66
2022-03-07 09:38:00,80.74,80.61,80.61,80.79
2022-03-07 09:39:00,80.72,80.87,80.69,80.91
2022-03-07 09:40:00,80.52,80.79,80.51,80.9
2022-03-07 09:41:00,80.48,80.69,80.36,80.69
2022-03-07 09:42:00,80.38,80.51,80.38,80.57
2022-03-07 09:43:00,80.38,80.5,80.36,80.5
2022-03-07 09:44:00,80.4,80.46,80.4,80.57
2022-03-07 09:45:00,80.55,80.33,80.31,80.59
2022-03-07 09:46:00,80.2,80.48,80.2,80.48
2022-03-07 09:47:00,79.99,80.2,79.92,80.2
2022-03-07 09:48:00,79.88,79.95,79.812,80.03
2022-03-07 09:49:00,79.81,79.8,79.8,79.95
2022-03-07 09:50:00,79.82,79.76,79.76,79.85
2022-03-07 09:51:00,79.96,79.89,79.73,80.0
2022-03-07 09:52:00,79.79,79.86,79.79,79.97
2022-03-07 09:53:00,80.09,79.82,79.82,80.13
2022-03-07 09:54:00,79.93,80.02,79.93,80.04
2022-03-07 09:55:00,80.17,79.96,79.95,80.23
2022-03-07 09:56:00,80.0,80.24,80.0,80.25
2022-03-07 09:57:00,80.2,80.02,80.02,80.34
2022-03-07 09:58:00,80.6,80.3,80.3,80.6
2022-03-07 09:59:00,80.78,80.6,80.6,80.78
2022-03-07 10:00:00,80.78,80.78,80.73,80.82
2022-03-07 10:01:00,80.78,80.66,80.58,80.78
2022-03-07 10:02:00,80.821,80.74,80.71,80.821
2022-03-07 10:03:00,80.84,80.77,80.72,80.84
2022-03-07 10:04:00,80.9,80.7,80.7,80.9
2022-03-07 10:05:00,81.17,80.93,80.93,81.185
2022-03-07 10:06:00,81.04,81.1,80.99,81.1
2022-03-07 10:07:00,81.18,81.2,81.18,81.39
2022-03-07 10:08:00,81.22,81.15,81.15,81.22
2022-03-07 10:09:00,81.25,81.22,81.22,81.335
2022-03-07 10:10:00,81.02,81.03,80.94,81.12
2022-03-07 10:11:00,80.81,81.06,80.73,81.06
2022-03-07 10:12:00,81.28,80.82,80.82,81.28
2022-03-07 10:13:00,81.32,81.28,81.28,81.4
2022-03-07 10:14:00,81.26,81.31,81.26,81.31
2022-03-07 10:15:00,81.6,81.29,81.28,81.6
2022-03-07 10:16:00,81.72,81.6,81.54,81.72
2022-03-07 10:17:00,81.44,81.69,81.39,81.69
2022-03-07 10:18:00,81.57,81.379,81.379,81.57
2022-03-07 10:19:00,81.605,81.579,81.51,81.605
2022-03-07 10:20:00,81.65,81.53,81.53,81.65
2022-03-07 10:21:00,81.61,81.54,81.45,81.7
2022-03-07 10:22:00,81.68,81.66,81.62,81.68
2022-03-07 10:23:00,81.91,81.84,81.69,81.91
2022-03-07 10:24:00,81.76,81.84,81.71,81.84
2022-03-07 10:25:00,81.67,81.83,81.63,81.83
2022-03-07 10:26:00,81.88,81.66,81.65,81.88
2022-03-07 10:27:00,81.77,81.84,81.76,81.84
2022-03-07 10:28:00,81.61,81.74,81.59,81.79
2022-03-07 10:29:00,81.41,81.61,81.41,81.61
2022-03-07 10:30:00,81.27,81.24,81.24,81.27
2022-03-07 10:31:00,80.98,81.29,80.98,81.32
2022-03-07 10:32:00,81.23,81.18,81.11,81.23
2022-03-07 10:33:00,81.14,81.14,81.14,81.19
2022-03-07 10:34:00,81.13,81.25,81.13,81.25
2022-03-07 10:35:00,81.12,81.1,81.01,81.12
2022-03-07 10:36:00,81.18,81.1,81.03,81.18
2022-03-07 10:37:00,81.29,81.22,81.22,81.36
2022-03-07 10:38:00,81.54,81.28,81.28,81.62
2022-03-07 10:39:00,81.63,81.49,81.45,81.65
2022-03-07 10:40:00,81.64,81.75,81.64,81.75
2022-03-07 10:41:00,81.69,81.67,81.67,81.715
2022-03-07 10:42:00,81.57,81.66,81.51,81.68
2022-03-07 10:43:00,81.38,81.64,81.32,81.64
2022-03-07 10:44:00,81.13,81.16,81.13,81.16
2022-03-07 10:45:00,81.42,81.08,81.07,81.42
2022-03-07 10:46:00,81.61,81.49,81.49,81.61
2022-03-07 10:47:00,81.58,81.66,81.58,81.66
2022-03-07 10:48:00,81.58,81.56,81.56,81.61
2022-03-07 10:49:00,81.5,81.609,81.44,81.609
2022-03-07 10:50:00,81.41,81.58,81.41,81.58
2022-03-07 10:51:00,81.25,81.31,81.23,81.31
2022-03-07 10:52:00,81.22,81.26,81.19,81.31
2022-03-07 10:53:00,81.56,81.3,81.3,81.57
2022-03-07 10:54:00,81.8,81.7,81.62,81.81
2022-03-07 10:55:00,81.82,81.82,81.82,81.93
2022-03-07 10:56:00,81.77,81.78,81.77,81.78
2022-03-07 10:57:00,81.47,81.66,81.47,81.66
2022-03-07 10:58:00,81.43,81.57,81.41,81.57
2022-03-07 10:59:00,81.53,81.52,81.35,81.53
2022-03-07 11:00:00,81.64,81.61,81.61,81.68
2022-03-07 11:01:00,81.84,81.67,81.67,81.84
2022-03-07 11:02:00,81.72,81.67,81.66,81.72
2022-03-07 11:03:00,81.72,81.67,81.66,81.72
2022-03-07 11:04:00,81.43,81.52,81.43,81.52
2022-03-07 11:05:00,81.59,81.38,81.38,81.61
2022-03-07 11:06:00,81.63,81.57,81.57,81.69
2022-03-07 11:07:00,81.57,81.55,81.55,81.59
2022-03-07 11:08:00,81.39,81.41,81.3,81.41
2022-03-07 11:09:00,81.3,81.29,81.29,81.38
2022-03-07 11:10:00,81.5,81.43,81.41,81.5
2022-03-07 11:11:00,81.44,81.49,81.33,81.49
2022-03-07 11:12:00,81.47,81.47,81.47,81.47
2022-03-07 11:13:00,81.519,81.51,81.44,81.61
2022-03-07 11:14:00,81.69,81.56,81.56,81.73
2022-03-07 11:15:00,81.77,81.72,81.7,81.78
2022-03-07 11:16:00,81.73,81.8,81.7,81.8
2022-03-07 11:17:00,81.88,81.74,81.74,81.97
2022-03-07 11:18:00,81.78,81.96,81.7,81.97
2022-03-07 11:19:00,82.07,81.82,81.81,82.07
2022-03-07 11:20:00,82.05,82.09,82.05,82.11
2022-03-07 11:21:00,82.2,82.06,81.93,82.2
2022-03-07 11:22:00,82.05,82.09,82.05,82.2
2022-03-07 11:23:00,82.21,82.25,82.21,82.3
2022-03-07 11:24:00,82.19,82.15,82.09,82.24
2022-03-07 11:25:00,82.46,82.3,82.3,82.46
2022-03-07 11:26:00,82.2,82.37,82.2,82.37
2022-03-07 11:27:00,82.13,82.18,82.12,82.22
2022-03-07 11:28:00,82.19,82.07,82.06,82.2
2022-03-07 11:29:00,82.27,82.11,82.11,82.3
2022-03-07 11:30:00,82.27,82.31,82.22,82.39
2022-03-07 11:31:00,82.06,82.22,82.06,82.22
2022-03-07 11:32:00,81.969,82.02,81.93,82.04
2022-03-07 11:33:00,81.75,81.95,81.75,81.95
2022-03-07 11:34:00,81.76,81.72,81.72,81.76
2022-03-07 11:35:00,81.83,81.82,81.75,81.87
2022-03-07 11:36:00,81.61,81.71,81.58,81.71
2022-03-07 11:37:00,81.53,81.65,81.53,81.78
2022-03-07 11:38:00,81.29,81.47,81.29,81.47
2022-03-07 11:39:00,81.41,81.34,81.34,81.41
2022-03-07 11:40:00,81.65,81.42,81.42,81.68
2022-03-07 11:41:00,81.62,81.6,81.48,81.62
2022-03-07 11:42:00,81.53,81.64,81.53,81.69
2022-03-07 11:43:00,81.4,81.41,81.39,81.51
2022-03-07 11:44:00,81.38,81.39,81.29,81.39
2022-03-07 11:45:00,81.35,81.41,81.27,81.41
2022-03-07 11:46:00,81.29,81.41,81.18,81.41
2022-03-07 11:47:00,81.2,81.305,81.17,81.33
2022-03-07 11:48:00,81.25,81.16,81.15,81.27
2022-03-07 11:49:00,81.35,81.25,81.23,81.35
2022-03-07 11:50:00,81.285,81.335,81.27,81.345
2022-03-07 11:51:00,81.345,81.335,81.32,81.41
2022-03-07 11:52:00,81.18,81.34,81.14,81.36
2022-03-07 11:53:00,80.98,81.1,80.98,81.1
2022-03-07 11:54:00,80.88,80.93,80.85,80.93
2022-03-07 11:55:00,80.84,80.88,80.78,80.92
2022-03-07 11:56:00,80.95,80.84,80.84,80.95
2022-03-07 11:57:00,80.91,80.965,80.83,80.965
2022-03-07 11:58:00,80.91,80.87,80.87,80.93
2022-03-07 11:59:00,81.21,80.92,80.92,81.21
2022-03-07 12:00:00,81.43,81.19,81.19,81.43
2022-03-07 12:01:00,81.39,81.52,81.39,81.56
2022-03-07 12:02:00,81.33,81.38,81.29,81.38
2022-03-07 12:03:00,81.32,81.36,81.32,81.44
2022-03-07 12:04:00,81.315,81.35,81.24,81.36
2022-03-07 12:05:00,81.22,81.33,81.18,81.35
2022-03-07 12:06:00,80.99,81.21,80.99,81.21
2022-03-07 12:07:00,80.9,81.03,80.87,81.05
2022-03-07 12:08:00,80.78,80.89,80.78,80.89
2022-03-07 12:09:00,80.85,80.8,80.8,80.85
2022-03-07 12:10:00,80.9,80.88,80.88,80.9
2022-03-07 12:11:00,81.08,80.99,80.99,81.11
2022-03-07 12:12:00,80.895,81.06,80.87,81.06
2022-03-07 12:13:00,80.78,80.88,80.76,80.88
2022-03-07 12:14:00,81.06,80.88,80.88,81.69
2022-03-07 12:15:00,80.84,81.06,80.79,81.13
2022-03-07 12:16:00,80.94,80.77,80.695,80.98
2022-03-07 12:17:00,81.075,80.96,80.96,81.1
2022-03-07 12:18:00,80.89,80.96,80.85,80.98
2022-03-07 12:19:00,80.84,80.9,80.77,80.9
2022-03-07 12:20:00,80.905,80.905,80.905,80.905
2022-03-07 12:21:00,80.74,80.69,80.63,80.81
2022-03-07 12:22:00,80.58,80.48,80.48,80.73
2022-03-07 12:23:00,80.66,80.61,80.59,80.72
2022-03-07 12:24:00,80.8,80.64,80.61,80.8
2022-03-07 12:25:00,80.84,80.77,80.74,80.84
2022-03-07 12:26:00,80.9,80.85,80.85,80.98
2022-03-07 12:27:00,81.13,80.88,80.88,81.29
2022-03-07 12:28:00,81.07,81.06,81.03,81.1
2022-03-07 12:29:00,81.01,81.01,81.01,81.01
2022-03-07 12:30:00,80.97,80.92,80.91,80.97
2022-03-07 12:31:00,80.92,80.94,80.92,80.95
2022-03-07 12:32:00,80.96,80.99,80.96,80.99
2022-03-07 12:33:00,81.24,81.09,81.09,81.24
2022-03-07 12:34:00,81.24,81.29,81.23,81.29
2022-03-07 12:35:00,81.24,81.22,81.22,81.24
2022-03-07 12:36:00,81.16,81.15,81.15,81.17
2022-03-07 12:37:00,81.23,81.26,81.23,81.26
2022-03-07 12:38:00,81.26,81.24,81.19,81.29
2022-03-07 12:39:00,81.29,81.23,81.21,81.29
2022-03-07 12:40:00,81.25,81.28,81.25,81.31
2022-03-07 12:41:00,81.26,81.28,81.26,81.32
2022-03-07 12:42:00,81.09,81.15,81.09,81.19
2022-03-07 12:43:00,81.41,81.31,81.31,81.41
2022-03-07 12:44:00,81.24,81.39,81.16,81.4
2022-03-07 12:45:00,81.29,81.23,81.23,81.38
2022-03-07 12:46:00,81.39,81.23,81.23,81.43
2022-03-07 12:47:00,81.44,81.35,81.32,81.47
2022-03-07 12:48:00,81.54,81.47,81.47,81.57
2022-03-07 12:49:00,81.57,81.54,81.53,81.57
2022-03-07 12:50:00,81.61,81.565,81.56,81.63
2022-03-07 12:51:00,81.54,81.62,81.46,81.62
2022-03-07 12:52:00,81.45,81.46,81.42,81.48
2022-03-07 12:53:00,81.52,81.45,81.45,81.52
2022-03-07 12:54:00,81.91,81.68,81.68,81.91
2022-03-07 12:55:00,81.87,81.94,81.82,81.95
2022-03-07 12:56:00,82.1,81.94,81.93,82.1
2022-03-07 12:57:00,82.23,82.095,82.08,82.23
2022-03-07 12:58:00,82.18,82.21,82.05,82.27
2022-03-07 12:59:00,82.38,82.19,82.19,82.38
2022-03-07 13:00:00,82.34,82.28,82.17,82.4
2022-03-07 13:01:00,82.08,82.25,82.08,82.25
2022-03-07 13:02:00,82.53,82.335,82.335,82.57
2022-03-07 13:03:00,82.64,82.54,82.47,82.72
2022-03-07 13:04:00,82.77,82.65,82.64,82.77
2022-03-07 13:05:00,82.88,82.79,82.781,82.88
2022-03-07 13:06:00,82.83,82.9,82.83,82.93
2022-03-07 13:07:00,82.74,82.84,82.74,82.84
2022-03-07 13:08:00,82.79,82.8,82.78,82.82
2022-03-07 13:09:00,82.72,82.75,82.72,82.77
2022-03-07 13:10:00,82.96,82.82,82.82,82.96
2022-03-07 13:11:00,82.97,82.94,82.94,82.97
2022-03-07 13:12:00,83.06,82.98,82.98,83.11
2022-03-07 13:13:00,83.08,83.07,83.07,83.17
2022-03-07 13:14:00,82.87,83.04,82.83,83.04
2022-03-07 13:15:00,82.64,82.84,82.64,82.85
2022-03-07 13:16:00,82.72,82.66,82.66,82.75
2022-03-07 13:17:00,82.76,82.73,82.71,82.84
2022-03-07 13:18:00,82.71,82.75,82.7,82.89
2022-03-07 13:19:00,82.6,82.72,82.58,82.72
2022-03-07 13:20:00,82.51,82.5,82.39,82.52
2022-03-07 13:21:00,82.79,82.58,82.58,82.79
2022-03-07 13:22:00,82.91,82.77,82.77,82.91
2022-03-07 13:23:00,82.97,82.88,82.88,82.97
2022-03-07 13:24:00,82.93,82.93,82.93,82.93
2022-03-07 13:25:00,83.16,82.94,82.93,83.23
2022-03-07 13:26:00,83.19,83.13,83.13,83.23
2022-03-07 13:27:00,83.2,83.14,83.14,83.2
2022-03-07 13:28:00,83.16,83.15,83.15,83.16
2022-03-07 13:29:00,83.02,83.02,83.02,83.02
2022-03-07 13:30:00,83.09,83.04,83.02,83.09
2022-03-07 13:31:00,83.02,83.07,83.02,83.1
2022-03-07 13:32:00,83.04,83.13,83.03,83.14
2022-03-07 13:33:00,83.09,83.03,83.03,83.09
2022-03-07 13:34:00,83.09,83.12,83.09,83.13
2022-03-07 13:35:00,83.04,83.0,82.94,83.04
2022-03-07 13:36:00,83.12,83.09,83.06,83.12
2022-03-07 13:37:00,83.34,83.21,83.21,83.34
2022-03-07 13:38:00,83.34,83.32,83.26,83.34
2022-03-07 13:39:00,83.18,83.312,83.18,83.33
2022-03-07 13:40:00,83.06,83.21,83.06,83.21
2022-03-07 13:41:00,83.07,83.12,83.05,83.12
2022-03-07 13:42:00,83.03,83.17,83.03,83.17
2022-03-07 13:43:00,82.88,83.04,82.88,83.04
2022-03-07 13:44:00,82.97,82.95,82.95,82.99
2022-03-07 13:45:00,82.89,82.83,82.79,82.89
2022-03-07 13:46:00,82.72,82.81,82.72,82.84
2022-03-07 13:47:00,82.64,82.73,82.62,82.76
2022-03-07 13:48:00,82.5,82.62,82.5,82.62
2022-03-07 13:49:00,82.49,82.58,82.49,82.58
2022-03-07 13:50:00,82.49,82.49,82.49,82.49
2022-03-07 13:51:00,82.41,82.56,82.41,82.56
2022-03-07 13:52:00,82.595,82.49,82.49,82.62
2022-03-07 13:53:00,82.65,82.62,82.62,82.67
2022-03-07 13:54:00,82.65,82.66,82.63,82.66
2022-03-07 13:55:00,82.65,82.66,82.63,82.66
2022-03-07 13:56:00,82.29,82.5,82.215,82.5
2022-03-07 13:57:00,82.16,82.29,82.08,82.29
2022-03-07 13:58:00,81.96,82.15,81.96,82.15
2022-03-07 13:59:00,81.98,82.15,81.98,82.18
2022-03-07 14:00:00,82.03,82.07,82.03,82.11
2022-03-07 14:01:00,81.77,82.08,81.7,82.08
2022-03-07 14:02:00,82.06,81.81,81.81,82.06
2022-03-07 14:03:00,82.0,82.1,82.0,82.14
2022-03-07 14:04:00,82.13,82.17,82.13,82.19
2022-03-07 14:05:00,82.13,82.17,82.13,82.19
2022-03-07 14:06:00,82.34,82.14,82.14,82.34
2022-03-07 14:07:00,82.33,82.28,82.2,82.33
2022-03-07 14:08:00,82.22,82.23,82.2,82.25
2022-03-07 14:09:00,82.02,82.06,82.02,82.06
2022-03-07 14:10:00,81.94,82.01,81.94,82.01
2022-03-07 14:11:00,81.77,81.99,81.77,82.01
2022-03-07 14:12:00,81.73,81.76,81.73,81.78
2022-03-07 14:13:00,81.98,81.83,81.83,81.98
2022-03-07 14:14:00,82.02,81.97,81.97,82.02
2022-03-07 14:15:00,82.0,81.94,81.93,82.0
2022-03-07 14:16:00,82.05,82.07,82.05,82.07
2022-03-07 14:17:00,82.11,82.02,82.02,82.12
2022-03-07 14:18:00,82.33,82.26,82.25,82.33
2022-03-07 14:19:00,82.28,82.29,82.27,82.3
2022-03-07 14:20:00,82.09,82.3,82.09,82.3
2022-03-07 14:21:00,82.28,82.21,82.18,82.28
2022-03-07 14:22:00,82.38,82.38,82.38,82.38
2022-03-07 14:23:00,82.12,82.26,82.12,82.27
2022-03-07 14:24:00,82.15,82.11,82.11,82.15
2022-03-07 14:25:00,81.96,82.09,81.96,82.09
2022-03-07 14:26:00,81.9,81.88,81.88,81.94
2022-03-07 14:27:00,81.769,81.92,81.769,81.92
2022-03-07 14:28:00,82.06,81.791,81.791,82.07
2022-03-07 14:29:00,82.25,82.14,82.101,82.28
2022-03-07 14:30:00,82.3,82.28,82.25,82.3
2022-03-07 14:31:00,81.7,81.83,81.7,81.87
2022-03-07 14:32:00,81.7,81.83,81.7,81.87
2022-03-07 14:33:00,81.99,81.94,81.94,82.01
2022-03-07 14:34:00,82.11,81.9,81.88,82.11
2022-03-07 14:35:00,81.93,82.12,81.93,82.12
2022-03-07 14:36:00,81.91,81.86,81.85,81.91
2022-03-07 14:37:00,81.83,81.93,81.74,81.93
2022-03-07 14:38:00,81.81,81.8,81.8,81.82
2022-03-07 14:39:00,81.71,81.81,81.7,81.81
2022-03-07 14:40:00,81.72,81.73,81.72,81.75
2022-03-07 14:41:00,81.61,81.72,81.6,81.74
2022-03-07 14:42:00,81.65,81.62,81.61,81.69
2022-03-07 14:43:00,81.79,81.77,81.77,81.84
2022-03-07 14:44:00,81.68,81.8,81.68,81.8
2022-03-07 14:45:00,81.68,81.8,81.68,81.8
2022-03-07 14:46:00,81.9,81.76,81.76,81.93
2022-03-07 14:47:00,82.05,81.92,81.91,82.06
2022-03-07 14:48:00,82.14,82.1,82.08,82.16
2022-03-07 14:49:00,82.02,82.1,81.95,82.1
2022-03-07 14:50:00,82.09,82.04,82.0,82.09
2022-03-07 14:51:00,82.23,82.16,82.13,82.27
2022-03-07 14:52:00,82.12,82.21,82.1,82.23
2022-03-07 14:53:00,82.23,82.08,82.08,82.23
2022-03-07 14:54:00,82.03,82.13,82.03,82.14
2022-03-07 14:55:00,82.09,82.0,82.0,82.14
2022-03-07 14:56:00,82.1,82.09,82.01,82.14
2022-03-07 14:57:00,82.13,82.1,82.09,82.17
2022-03-07 14:58:00,81.84,82.07,81.82,82.08
2022-03-07 14:59:00,81.85,81.84,81.84,81.85
2022-03-07 15:00:00,81.91,81.98,81.88,81.99
2022-03-07 15:01:00,81.95,81.95,81.95,81.95
2022-03-07 15:02:00,82.04,82.02,82.02,82.04
2022-03-07 15:03:00,82.07,82.07,82.05,82.08
2022-03-07 15:04:00,82.02,82.07,81.99,82.07
2022-03-07 15:05:00,82.17,82.05,82.05,82.19
2022-03-07 15:06:00,82.09,82.14,82.07,82.16
2022-03-07 15:07:00,82.19,82.09,82.08,82.2
2022-03-07 15:08:00,82.09,82.18,82.09,82.18
2022-03-07 15:09:00,82.02,82.09,81.98,82.09
2022-03-07 15:10:00,81.98,82.03,81.98,82.03
2022-03-07 15:11:00,81.95,81.98,81.95,81.99
2022-03-07 15:12:00,81.97,81.95,81.94,82.11
2022-03-07 15:13:00,82.03,81.89,81.87,82.04
2022-03-07 15:14:00,82.06,82.15,82.05,82.15
2022-03-07 15:15:00,82.15,82.04,82.04,82.16
2022-03-07 15:16:00,82.15,82.14,82.05,82.17
2022-03-07 15:17:00,82.15,82.17,82.14,82.17
2022-03-07 15:18:00,82.12,82.16,82.12,82.19
2022-03-07 15:19:00,82.15,82.11,82.08,82.15
2022-03-07 15:20:00,82.16,82.155,82.135,82.19
2022-03-07 15:21:00,82.27,82.18,82.16,82.27
2022-03-07 15:22:00,82.33,82.27,82.27,82.35
2022-03-07 15:23:00,82.42,82.34,82.34,82.42
2022-03-07 15:24:00,82.4,82.42,82.4,82.44
2022-03-07 15:25:00,82.4,82.39,82.39,82.42
2022-03-07 15:26:00,82.26,82.39,82.25,82.42
2022-03-07 15:27:00,82.26,82.27,82.25,82.29
2022-03-07 15:28:00,82.3,82.27,82.24,82.32
2022-03-07 15:29:00,82.26,82.32,82.25,82.36
2022-03-07 15:30:00,82.15,82.27,82.15,82.27
2022-03-07 15:31:00,82.19,82.19,82.14,82.32
2022-03-07 15:32:00,82.04,82.2,82.03,82.2
2022-03-07 15:33:00,82.09,82.05,82.04,82.1
2022-03-07 15:34:00,82.03,82.08,82.02,82.21
2022-03-07 15:35:00,82.07,82.03,82.01,82.11
2022-03-07 15:36:00,82.28,82.09,82.09,82.28
2022-03-07 15:37:00,82.36,82.28,82.26,82.36
2022-03-07 15:38:00,82.38,82.34,82.33,82.39
2022-03-07 15:39:00,82.41,82.36,82.35,82.42
2022-03-07 15:40:00,82.44,82.4,82.4,82.44
2022-03-07 15:41:00,82.35,82.44,82.32,82.44
2022-03-07 15:42:00,82.35,82.36,82.31,82.36
2022-03-07 15:43:00,82.33,82.33,82.31,82.339
2022-03-07 15:44:00,82.33,82.33,82.28,82.355
2022-03-07 15:45:00,82.225,82.34,82.225,82.34
2022-03-07 15:46:00,82.33,82.24,82.23,82.33
2022-03-07 15:47:00,82.425,82.34,82.34,82.43
2022-03-07 15:48:00,82.41,82.41,82.35,82.41
2022-03-07 15:49:00,82.465,82.41,82.38,82.465
2022-03-07 15:50:00,82.45,82.47,82.44,82.49
2022-03-07 15:51:00,82.5,82.48,82.48,82.55
2022-03-07 15:52:00,82.36,82.51,82.36,82.54
2022-03-07 15:53:00,82.41,82.41,82.38,82.41
2022-03-07 15:54:00,82.37,82.41,82.37,82.41
2022-03-07 15:55:00,82.29,82.36,82.27,82.4
2022-03-07 15:56:00,82.33,82.34,82.3,82.37
2022-03-07 15:57:00,82.21,82.32,82.17,82.32
2022-03-07 15:58:00,82.32,82.21,82.2,82.34
2022-03-07 15:59:00,82.34,82.32,82.26,82.37
2022-03-07 16:00:00,82.37,82.325,82.32,82.4
2022-03-08 09:31:00,85.32,85.43,85.25,85.49
2022-03-08 09:32:00,85.39,85.39,85.39,85.54
2022-03-08 09:33:00,85.17,85.42,85.14,85.44
2022-03-08 09:34:00,85.4,85.19,85.1,85.4
2022-03-08 09:35:00,85.54,85.38,85.38,85.55
2022-03-08 09:36:00,85.54,85.5,85.5,85.67
2022-03-08 09:37:00,85.71,85.55,85.55,85.77
2022-03-08 09:38:00,85.66,85.68,85.53,85.68
2022-03-08 09:39:00,85.72,85.72,85.58,85.75
2022-03-08 09:40:00,85.8,85.76,85.68,85.88
2022-03-08 09:41:00,85.76,85.81,85.67,85.82
2022-03-08 09:42:00,85.77,85.79,85.69,85.8
2022-03-08 09:43:00,85.74,85.76,85.72,85.81
2022-03-08 09:44:00,85.72,85.8,85.64,85.8
2022-03-08 09:45:00,85.82,85.76,85.68,85.82
2022-03-08 09:46:00,85.91,85.82,85.78,85.97
2022-03-08 09:47:00,86.2,85.96,85.86,86.2
2022-03-08 09:48:00,86.28,86.25,86.24,86.45
2022-03-08 09:49:00,86.47,86.26,86.26,86.55
2022-03-08 09:50:00,86.83,86.47,86.47,86.9
2022-03-08 09:51:00,86.85,86.79,86.7,86.98
2022-03-08 09:52:00,86.73,86.8,86.7,86.9
2022-03-08 09:53:00,86.76,86.74,86.685,86.8
2022-03-08 09:54:00,87.13,86.91,86.91,87.17
2022-03-08 09:55:00,87.34,87.13,87.105,87.34
2022-03-08 09:56:00,87.4,87.29,87.24,87.41
2022-03-08 09:57:00,87.05,87.33,87.05,87.33
2022-03-08 09:58:00,87.3,87.23,87.2,87.32
2022-03-08 09:59:00,87.5,87.28,87.24,87.57
2022-03-08 10:00:00,87.38,87.49,87.37,87.52
2022-03-08 10:01:00,87.05,87.36,87.05,87.38
2022-03-08 10:02:00,87.02,87.12,86.93,87.2
2022-03-08 10:03:00,87.18,87.07,87.07,87.2
2022-03-08 10:04:00,87.18,87.18,87.16,87.37
2022-03-08 10:05:00,87.1,87.17,87.1,87.25
2022-03-08 10:06:00,87.42,87.13,87.13,87.48
2022-03-08 10:07:00,87.4,87.29,87.29,87.45
2022-03-08 10:08:00,87.42,87.43,87.42,87.63
2022-03-08 10:09:00,87.48,87.35,87.33,87.54
2022-03-08 10:10:00,87.5,87.49,87.46,87.55
2022-03-08 10:11:00,87.38,87.48,87.3,87.48
2022-03-08 10:12:00,87.38,87.425,87.38,87.425
2022-03-08 10:13:00,87.11,87.36,87.08,87.36
2022-03-08 10:14:00,86.9,87.06,86.88,87.06
2022-03-08 10:15:00,86.97,87.06,86.86,87.09
2022-03-08 10:16:00,86.9,86.98,86.9,87.08
2022-03-08 10:17:00,86.86,86.91,86.81,86.98
2022-03-08 10:18:00,86.72,86.96,86.69,86.97
2022-03-08 10:19:00,86.78,86.71,86.71,86.89
2022-03-08 10:20:00,86.76,86.72,86.63,86.88
2022-03-08 10:21:00,86.86,86.81,86.81,86.86
2022-03-08 10:22:00,87.1,86.98,86.98,87.15
2022-03-08 10:23:00,87.19,87.21,87.15,87.29
2022-03-08 10:24:00,87.12,87.16,87.05,87.17
2022-03-08 10:25:00,87.39,87.12,87.12,87.39
2022-03-08 10:26:00,87.53,87.42,87.38,87.53
2022-03-08 10:27:00,87.68,87.58,87.57,87.68
2022-03-08 10:28:00,87.73,87.75,87.71,87.77
2022-03-08 10:29:00,87.74,87.72,87.58,87.74
2022-03-08 10:30:00,87.455,87.69,87.455,87.7
2022-03-08 10:31:00,87.54,87.43,87.25,87.54
2022-03-08 10:32:00,87.67,87.62,87.62,87.75
2022-03-08 10:33:00,87.68,87.68,87.66,87.74
2022-03-08 10:34:00,87.77,87.69,87.62,87.8
2022-03-08 10:35:00,87.64,87.76,87.64,87.84
2022-03-08 10:36:00,87.76,87.62,87.61,87.79
2022-03-08 10:37:00,87.49,87.72,87.49,87.72
2022-03-08 10:38:00,87.3,87.47,87.27,87.47
2022-03-08 10:39:00,87.295,87.325,87.21,87.34
2022-03-08 10:40:00,87.32,87.29,87.205,87.32
2022-03-08 10:41:00,87.41,87.31,87.23,87.41
2022-03-08 10:42:00,87.43,87.38,87.38,87.48
2022-03-08 10:43:00,87.32,87.44,87.31,87.445
2022-03-08 10:44:00,87.26,87.31,87.16,87.32
2022-03-08 10:45:00,87.11,87.27,87.1,87.29
2022-03-08 10:46:00,86.97,87.02,86.86,87.02
2022-03-08 10:47:00,86.875,87.008,86.81,87.018
2022-03-08 10:48:00,86.755,86.82,86.755,86.87
2022-03-08 10:49:00,86.42,86.73,86.24,86.73
2022-03-08 10:50:00,85.98,86.38,85.91,86.48
2022-03-08 10:51:00,86.2,85.97,85.74,86.35
2022-03-08 10:52:00,86.0,86.26,85.95,86.26
2022-03-08 10:53:00,86.45,85.98,85.98,86.45
2022-03-08 10:54:00,86.3,86.39,86.27,86.48
2022-03-08 10:55:00,86.27,86.25,86.19,86.365
2022-03-08 10:56:00,86.16,86.305,85.91,86.305
2022-03-08 10:57:00,86.15,86.33,86.15,86.34
2022-03-08 10:58:00,86.38,86.26,86.22,86.38
2022-03-08 10:59:00,86.28,86.4,86.14,86.4
2022-03-08 11:00:00,86.65,86.32,86.32,86.71
2022-03-08 11:01:00,86.67,86.65,86.49,86.72
2022-03-08 11:02:00,86.42,86.51,86.37,86.55
2022-03-08 11:03:00,86.58,86.47,86.44,86.58
2022-03-08 11:04:00,86.55,86.7,86.55,86.77
2022-03-08 11:05:00,86.44,86.58,86.44,86.6
2022-03-08 11:06:00,86.51,86.41,86.26,86.51
2022-03-08 11:07:00,86.37,86.52,86.37,86.52
2022-03-08 11:08:00,86.46,86.44,86.4,86.46
2022-03-08 11:09:00,86.56,86.56,86.52,86.59
2022-03-08 11:10:00,86.59,86.51,86.51,86.65
2022-03-08 11:11:00,86.56,86.56,86.56,86.56
2022-03-08 11:12:00,86.23,86.51,86.23,86.54
2022-03-08 11:13:00,86.41,86.25,86.24,86.44
2022-03-08 11:14:00,86.67,86.44,86.42,86.74
2022-03-08 11:15:00,86.92,86.66,86.64,86.97
2022-03-08 11:16:00,86.92,86.98,86.88,87.06
2022-03-08 11:17:00,86.92,86.97,86.89,86.99
2022-03-08 11:18:00,86.87,86.91,86.87,86.97
2022-03-08 11:19:00,87.115,86.87,86.85,87.13
2022-03-08 11:20:00,87.16,87.21,87.16,87.27
2022-03-08 11:21:00,87.17,87.08,87.08,87.22
2022-03-08 11:22:00,87.2,87.2,87.18,87.25
2022-03-08 11:23:00,87.33,87.18,87.17,87.33
2022-03-08 11:24:00,87.32,87.33,87.28,87.33
2022-03-08 11:25:00,87.34,87.35,87.31,87.39
2022-03-08 11:26:00,87.51,87.4,87.33,87.52
2022-03-08 11:27:00,87.03,87.55,87.02,87.6
2022-03-08 11:28:00,86.69,87.1,86.63,87.1
2022-03-08 11:29:00,86.84,86.69,86.56,86.84
2022-03-08 11:30:00,86.38,86.66,86.38,86.66
2022-03-08 11:31:00,86.42,86.31,85.92,86.42
2022-03-08 11:32:00,86.79,86.44,86.395,86.79
2022-03-08 11:33:00,86.84,86.84,86.55,86.84
2022-03-08 11:34:00,86.82,86.72,86.65,86.83
2022-03-08 11:35:00,86.73,86.85,86.73,86.88
2022-03-08 11:36:00,86.81,86.79,86.77,86.84
2022-03-08 11:37:00,86.98,86.82,86.77,86.99
2022-03-08 11:38:00,87.34,87.09,87.05,87.34
2022-03-08 11:39:00,87.1,87.33,87.1,87.33
2022-03-08 11:40:00,87.37,87.24,87.24,87.38
2022-03-08 11:41:00,87.35,87.36,87.29,87.37
2022-03-08 11:42:00,87.45,87.25,87.25,87.5
2022-03-08 11:43:00,87.22,87.42,87.13,87.43
2022-03-08 11:44:00,86.86,87.23,86.79,87.27
2022-03-08 11:45:00,87.16,86.91,86.91,87.22
2022-03-08 11:46:00,87.03,87.07,86.98,87.07
2022-03-08 11:47:00,87.14,87.21,87.13,87.22
2022-03-08 11:48:00,86.82,87.15,86.82,87.15
2022-03-08 11:49:00,86.97,86.85,86.74,86.97
2022-03-08 11:50:00,87.01,87.07,86.97,87.07
2022-03-08 11:51:00,86.88,87.02,86.88,87.05
2022-03-08 11:52:00,86.96,87.02,86.92,87.03
2022-03-08 11:53:00,86.73,86.92,86.68,86.94
2022-03-08 11:54:00,86.61,86.72,86.6,86.74
2022-03-08 11:55:00,86.59,86.53,86.52,86.6
2022-03-08 11:56:00,86.59,86.59,86.59,86.63
2022-03-08 11:57:00,86.67,86.71,86.66,86.83
2022-03-08 11:58:00,86.97,86.72,86.72,86.97
2022-03-08 11:59:00,86.85,86.95,86.85,87.07
2022-03-08 12:00:00,86.9,86.94,86.89,86.99
2022-03-08 12:01:00,86.76,86.76,86.76,86.76
2022-03-08 12:02:00,86.96,86.96,86.89,86.96
2022-03-08 12:03:00,86.73,86.85,86.73,86.86
2022-03-08 12:04:00,86.76,86.77,86.76,86.89
2022-03-08 12:05:00,86.75,86.67,86.66,86.75
2022-03-08 12:06:00,86.79,86.83,86.77,86.83
2022-03-08 12:07:00,86.34,86.7,86.34,86.7
2022-03-08 12:08:00,86.35,86.39,86.26,86.44
2022-03-08 12:09:00,86.28,86.34,86.25,86.42
2022-03-08 12:10:00,86.43,86.33,86.33,86.52
2022-03-08 12:11:00,86.39,86.45,86.36,86.46
2022-03-08 12:12:00,86.25,86.39,86.21,86.43
2022-03-08 12:13:00,86.16,86.22,86.065,86.325
2022-03-08 12:14:00,85.96,86.22,85.96,86.25
2022-03-08 12:15:00,85.54,85.96,85.41,86.0
2022-03-08 12:16:00,85.56,85.53,85.52,85.81
2022-03-08 12:17:00,84.8,85.54,84.8,85.54
2022-03-08 12:18:00,83.22,84.83,82.6,84.84
2022-03-08 12:19:00,84.14,83.25,83.21,84.27
2022-03-08 12:20:00,84.06,84.246,83.53,84.46
2022-03-08 12:21:00,84.145,84.0,84.0,84.63
2022-03-08 12:22:00,83.0,84.01,83.0,84.04
2022-03-08 12:23:00,84.31,82.9,82.63,84.55
2022-03-08 12:24:00,84.41,84.49,84.24,84.69
2022-03-08 12:25:00,84.41,84.36,83.99,84.57
2022-03-08 12:26:00,85.0,84.5,84.5,85.0
2022-03-08 12:27:00,84.55,84.95,84.28,85.03
2022-03-08 12:28:00,84.13,84.43,84.0,84.57
2022-03-08 12:29:00,83.87,84.055,83.59,84.055
2022-03-08 12:30:00,83.6,83.82,83.15,83.82
2022-03-08 12:31:00,83.52,83.57,83.45,83.64
2022-03-08 12:32:00,83.11,83.75,83.05,83.75
2022-03-08 12:33:00,82.9,83.19,82.82,83.46
2022-03-08 12:34:00,82.56,83.0,82.09,83.0
2022-03-08 12:35:00,82.32,82.52,81.59,82.52
2022-03-08 12:36:00,82.98,82.25,82.25,83.06
2022-03-08 12:37:00,83.17,83.1,82.87,83.39
2022-03-08 12:38:00,82.9,83.08,82.8,83.08
2022-03-08 12:39:00,83.14,82.91,82.91,83.45
2022-03-08 12:40:00,83.005,83.1,82.94,83.325
2022-03-08 12:41:00,83.35,82.925,82.85,83.47
2022-03-08 12:42:00,83.61,83.5,83.38,83.645
2022-03-08 12:43:00,83.71,83.6,83.47,83.81
2022-03-08 12:44:00,83.745,83.68,83.62,83.87
2022-03-08 12:45:00,83.42,83.79,83.34,83.83
2022-03-08 12:46:00,83.89,83.54,83.54,84.05
2022-03-08 12:47:00,83.68,83.795,83.55,83.83
2022-03-08 12:48:00,83.47,83.7,83.47,83.7
2022-03-08 12:49:00,83.33,83.5,83.33,83.68
2022-03-08 12:50:00,83.54,83.35,83.04,83.58
2022-03-08 12:51:00,83.81,83.515,83.38,83.9
2022-03-08 12:52:00,83.9,83.85,83.85,84.02
2022-03-08 12:53:00,83.69,83.89,83.69,83.95
2022-03-08 12:54:00,83.37,83.6,83.37,83.7
2022-03-08 12:55:00,83.41,83.48,83.17,83.5
2022-03-08 12:56:00,83.37,83.4,83.37,83.54
2022-03-08 12:57:00,83.08,83.29,82.96,83.35
2022-03-08 12:58:00,83.28,83.17,82.96,83.29
2022-03-08 12:59:00,83.08,83.3,82.97,83.44
2022-03-08 13:00:00,83.06,83.13,83.06,83.16
2022-03-08 13:01:00,83.25,83.11,83.1,83.36
2022-03-08 13:02:00,82.89,83.22,82.89,83.22
2022-03-08 13:03:00,83.14,82.95,82.95,83.36
2022-03-08 13:04:00,82.9,83.16,82.88,83.26
2022-03-08 13:05:00,83.03,82.95,82.95,83.14
2022-03-08 13:06:00,83.36,83.09,83.09,83.36
2022-03-08 13:07:00,83.51,83.45,83.3,83.71
2022-03-08 13:08:00,83.8,83.7,83.68,83.8
2022-03-08 13:09:00,83.75,83.8,83.7,83.9
2022-03-08 13:10:00,83.47,83.76,83.45,83.87
2022-03-08 13:11:00,83.73,83.72,83.72,83.8
2022-03-08 13:12:00,83.85,83.73,83.73,83.87
2022-03-08 13:13:00,83.75,83.85,83.75,83.85
2022-03-08 13:14:00,83.62,83.75,83.49,83.75
2022-03-08 13:15:00,83.41,83.57,83.41,83.57
2022-03-08 13:16:00,83.7,83.675,83.52,83.7
2022-03-08 13:17:00,83.94,83.75,83.75,83.96
2022-03-08 13:18:00,83.85,83.92,83.82,83.95
2022-03-08 13:19:00,83.95,83.85,83.85,83.98
2022-03-08 13:20:00,83.87,84.01,83.78,84.05
2022-03-08 13:21:00,83.64,83.65,83.55,83.74
2022-03-08 13:22:00,84.17,83.65,83.55,84.17
2022-03-08 13:23:00,84.28,84.1,84.05,84.34
2022-03-08 13:24:00,84.54,84.32,84.18,84.54
2022-03-08 13:25:00,84.82,84.54,84.54,84.82
2022-03-08 13:26:00,84.67,84.82,84.65,84.89
2022-03-08 13:27:00,84.79,84.71,84.71,84.94
2022-03-08 13:28:00,85.1,84.92,84.92,85.184
2022-03-08 13:29:00,85.45,85.19,85.19,85.55
2022-03-08 13:30:00,85.6,85.43,85.43,85.67
2022-03-08 13:31:00,86.15,85.56,85.56,86.35
2022-03-08 13:32:00,86.28,86.18,86.17,86.32
2022-03-08 13:33:00,86.68,86.27,86.25,86.85
2022-03-08 13:34:00,86.19,86.74,86.02,86.74
2022-03-08 13:35:00,86.03,86.18,85.96,86.18
2022-03-08 13:36:00,86.14,86.01,85.98,86.17
2022-03-08 13:37:00,85.76,86.13,85.73,86.13
2022-03-08 13:38:00,85.82,85.74,85.61,85.91
2022-03-08 13:39:00,86.22,85.84,85.84,86.22
2022-03-08 13:40:00,85.75,86.19,85.71,86.19
2022-03-08 13:41:00,86.04,85.75,85.75,86.04
2022-03-08 13:42:00,86.0,86.05,86.0,86.05
2022-03-08 13:43:00,86.14,86.06,86.04,86.21
2022-03-08 13:44:00,85.55,86.06,85.5,86.06
2022-03-08 13:45:00,85.5,85.54,85.5,85.67
2022-03-08 13:46:00,85.3,85.52,85.3,85.52
2022-03-08 13:47:00,85.03,85.29,85.0,85.35
2022-03-08 13:48:00,84.71,85.02,84.66,85.1
2022-03-08 13:49:00,85.21,84.82,84.82,85.21
2022-03-08 13:50:00,85.01,85.17,85.01,85.24
2022-03-08 13:51:00,84.97,85.1,84.97,85.1
2022-03-08 13:52:00,84.98,84.85,84.82,85.0
2022-03-08 13:53:00,84.92,85.03,84.92,85.03
2022-03-08 13:54:00,85.17,84.7,84.65,85.17
2022-03-08 13:55:00,85.49,85.29,85.264,85.49
2022-03-08 13:56:00,85.57,85.46,85.35,85.59
2022-03-08 13:57:00,85.35,85.41,85.35,85.41
2022-03-08 13:58:00,85.03,84.95,84.83,85.03
2022-03-08 13:59:00,85.35,85.05,85.05,85.42
2022-03-08 14:00:00,85.47,85.36,85.27,85.48
2022-03-08 14:01:00,85.65,85.55,85.51,85.66
2022-03-08 14:02:00,85.81,85.86,85.77,85.86
2022-03-08 14:03:00,85.59,85.78,85.59,85.78
2022-03-08 14:04:00,85.57,85.535,85.46,85.57
2022-03-08 14:05:00,85.61,85.63,85.6,85.65
2022-03-08 14:06:00,85.24,85.6,85.11,85.62
2022-03-08 14:07:00,85.17,85.3,84.89,85.3
2022-03-08 14:08:00,84.8,85.13,84.78,85.13
2022-03-08 14:09:00,85.03,84.8,84.79,85.06
2022-03-08 14:10:00,84.89,84.97,84.83,84.97
2022-03-08 14:11:00,85.05,84.83,84.83,85.05
2022-03-08 14:12:00,85.07,85.08,85.03,85.19
2022-03-08 14:13:00,85.15,85.13,85.04,85.15
2022-03-08 14:14:00,84.82,85.06,84.82,85.08
2022-03-08 14:15:00,84.97,84.83,84.8,84.97
2022-03-08 14:16:00,85.25,85.08,85.08,85.27
2022-03-08 14:17:00,84.67,85.09,84.67,85.15
2022-03-08 14:18:00,84.57,84.6,84.54,84.61
2022-03-08 14:19:00,84.37,84.54,84.37,84.6
2022-03-08 14:20:00,84.46,84.35,84.35,84.47
2022-03-08 14:21:00,84.49,84.55,84.48,84.55
2022-03-08 14:22:00,84.67,84.52,84.52,84.78
2022-03-08 14:23:00,84.55,84.55,84.44,84.55
2022-03-08 14:24:00,84.24,84.49,84.22,84.51
2022-03-08 14:25:00,84.24,84.23,84.07,84.29
2022-03-08 14:26:00,84.3,84.475,84.3,84.62
2022-03-08 14:27:00,84.56,84.3,84.15,84.56
2022-03-08 14:28:00,84.35,84.54,84.27,84.54
2022-03-08 14:29:00,84.3,84.41,84.3,84.495
2022-03-08 14:30:00,84.26,84.26,84.26,84.26
2022-03-08 14:31:00,84.55,84.25,84.2,84.55
2022-03-08 14:32:00,84.36,84.4,84.33,84.4
2022-03-08 14:33:00,84.46,84.38,84.38,84.46
2022-03-08 14:34:00,84.36,84.43,84.35,84.45
2022-03-08 14:35:00,84.32,84.37,84.32,84.37
2022-03-08 14:36:00,84.4,84.34,84.34,84.4
2022-03-08 14:37:00,84.15,84.21,84.14,84.21
2022-03-08 14:38:00,84.08,84.16,84.08,84.16
2022-03-08 14:39:00,84.42,84.08,84.08,84.42
2022-03-08 14:40:00,84.45,84.43,84.43,84.47
2022-03-08 14:41:00,84.36,84.3,84.3,84.38
2022-03-08 14:42:00,84.39,84.36,84.35,84.39
2022-03-08 14:43:00,84.38,84.44,84.38,84.47
2022-03-08 14:44:00,84.39,84.36,84.26,84.39
2022-03-08 14:45:00,84.38,84.41,84.33,84.41
2022-03-08 14:46:00,84.38,84.35,84.3,84.38
2022-03-08 14:47:00,84.38,84.4,84.38,84.4
2022-03-08 14:48:00,84.48,84.39,84.38,84.48
2022-03-08 14:49:00,84.25,84.42,84.25,84.46
2022-03-08 14:50:00,84.305,84.26,84.26,84.305
2022-03-08 14:51:00,84.28,84.34,84.28,84.36
2022-03-08 14:52:00,84.3,84.28,84.27,84.34
2022-03-08 14:53:00,84.315,84.3,84.3,84.35
2022-03-08 14:54:00,84.39,84.33,84.31,84.43
2022-03-08 14:55:00,84.38,84.39,84.34,84.4
2022-03-08 14:56:00,84.37,84.39,84.33,84.39
2022-03-08 14:57:00,84.36,84.38,84.36,84.42
2022-03-08 14:58:00,84.4,84.38,84.36,84.42
2022-03-08 14:59:00,84.54,84.42,84.41,84.6
2022-03-08 15:00:00,84.73,84.64,84.63,84.73
2022-03-08 15:01:00,84.84,84.72,84.72,84.93
2022-03-08 15:02:00,84.85,84.87,84.81,84.92
2022-03-08 15:03:00,84.83,84.87,84.81,84.88
2022-03-08 15:04:00,84.65,84.67,84.65,84.68
2022-03-08 15:05:00,84.43,84.62,84.43,84.62
2022-03-08 15:06:00,84.42,84.41,84.38,84.51
2022-03-08 15:07:00,84.19,84.34,84.08,84.34
2022-03-08 15:08:00,83.98,84.05,83.98,84.05
2022-03-08 15:09:00,84.17,83.97,83.97,84.17
2022-03-08 15:10:00,84.13,84.19,84.13,84.19
2022-03-08 15:11:00,84.09,84.14,84.09,84.14
2022-03-08 15:12:00,84.17,84.09,84.09,84.2
2022-03-08 15:13:00,84.34,84.18,84.18,84.37
2022-03-08 15:14:00,84.34,84.28,84.26,84.35
2022-03-08 15:15:00,84.38,84.34,84.34,84.38
2022-03-08 15:16:00,84.25,84.38,84.25,84.38
2022-03-08 15:17:00,84.25,84.24,84.24,84.25
2022-03-08 15:18:00,84.22,84.25,84.22,84.25
2022-03-08 15:19:00,84.5,84.23,84.23,84.5
2022-03-08 15:20:00,84.59,84.56,84.53,84.63
2022-03-08 15:21:00,84.62,84.58,84.58,84.62
2022-03-08 15:22:00,84.505,84.48,84.47,84.505
2022-03-08 15:23:00,84.45,84.5,84.45,84.5
2022-03-08 15:24:00,84.63,84.61,84.61,84.63
2022-03-08 15:25:00,84.63,84.59,84.54,84.63
2022-03-08 15:26:00,84.57,84.6,84.555,84.6
2022-03-08 15:27:00,84.59,84.63,84.56,84.63
2022-03-08 15:28:00,84.62,84.6,84.6,84.62
2022-03-08 15:29:00,84.74,84.7,84.7,84.78
2022-03-08 15:30:00,84.76,84.78,84.76,84.8
2022-03-08 15:31:00,84.81,84.8,84.78,84.86
2022-03-08 15:32:00,84.83,84.82,84.8,84.84
2022-03-08 15:33:00,84.71,84.73,84.71,84.73
2022-03-08 15:34:00,84.73,84.74,84.725,84.76
2022-03-08 15:35:00,84.67,84.7,84.65,84.7
2022-03-08 15:36:00,84.67,84.7,84.65,84.7
2022-03-08 15:37:00,84.56,84.6,84.56,84.61
2022-03-08 15:38:00,84.6,84.56,84.53,84.62
2022-03-08 15:39:00,84.73,84.65,84.64,84.73
2022-03-08 15:40:00,84.77,84.74,84.71,84.77
2022-03-08 15:41:00,84.84,84.77,84.75,84.85
2022-03-08 15:42:00,84.81,84.84,84.8,84.85
2022-03-08 15:43:00,84.82,84.81,84.79,84.82
2022-03-08 15:44:00,84.83,84.82,84.8,84.83
2022-03-08 15:45:00,84.83,84.83,84.82,84.84
2022-03-08 15:46:00,84.83,84.83,84.83,84.87
2022-03-08 15:47:00,84.81,84.82,84.8,84.83
2022-03-08 15:48:00,84.8,84.82,84.77,84.82
2022-03-08 15:49:00,84.75,84.81,84.75,84.81
2022-03-08 15:50:00,84.67,84.75,84.64,84.75
2022-03-08 15:51:00,84.76,84.74,84.72,84.78
2022-03-08 15:52:00,84.75,84.77,84.75,84.78
2022-03-08 15:53:00,84.75,84.76,84.74,84.77
2022-03-08 15:54:00,84.77,84.75,84.73,84.79
2022-03-08 15:55:00,84.73,84.77,84.73,84.775
2022-03-08 15:56:00,84.8,84.73,84.72,84.8
2022-03-08 15:57:00,85.17,84.81,84.78,85.17
2022-03-08 15:58:00,84.99,85.19,84.96,85.19
2022-03-08 15:59:00,85.141,84.99,84.99,85.15
2022-03-08 16:00:00,85.43,85.17,85.17,85.49
2022-03-09 09:31:00,79.45,80.0,79.42,80.0
2022-03-09 09:32:00,79.52,79.45,79.3,79.52
2022-03-09 09:33:00,79.58,79.46,79.45,79.65
2022-03-09 09:34:00,79.48,79.57,79.32,79.57
2022-03-09 09:35:00,79.4,79.64,79.39,79.66
2022-03-09 09:36:00,79.48,79.44,79.34,79.59
2022-03-09 09:37:00,79.84,79.49,79.48,79.84
2022-03-09 09:38:00,79.98,79.84,79.72,80.06
2022-03-09 09:39:00,79.87,79.99,79.78,79.99
2022-03-09 09:40:00,79.8,79.88,79.75,79.9
2022-03-09 09:41:00,79.89,79.78,79.78,79.93
2022-03-09 09:42:00,80.06,79.88,79.84,80.24
2022-03-09 09:43:00,80.27,80.15,80.15,80.28
2022-03-09 09:44:00,80.08,80.22,80.0,80.3
2022-03-09 09:45:00,79.97,80.07,79.87,80.09
2022-03-09 09:46:00,79.62,79.97,79.62,79.97
2022-03-09 09:47:00,79.74,79.6,79.55,79.81
2022-03-09 09:48:00,79.61,79.76,79.44,79.76
2022-03-09 09:49:00,79.6,79.67,79.6,79.67
2022-03-09 09:50:00,79.68,79.82,79.68,79.89
2022-03-09 09:51:00,79.96,79.79,79.79,79.99
2022-03-09 09:52:00,80.01,80.1,80.01,80.14
2022-03-09 09:53:00,80.1,80.06,80.01,80.13
2022-03-09 09:54:00,80.35,80.17,80.13,80.38
2022-03-09 09:55:00,80.43,80.35,80.21,80.43
2022-03-09 09:56:00,80.21,80.42,80.21,80.42
2022-03-09 09:57:00,80.35,80.16,80.16,80.35
2022-03-09 09:58:00,80.43,80.34,80.27,80.53
2022-03-09 09:59:00,80.21,80.38,80.21,80.4
2022-03-09 10:00:00,79.9,80.28,79.9,80.28
2022-03-09 10:01:00,79.86,79.86,79.86,79.89
2022-03-09 10:02:00,80.09,79.84,79.84,80.09
2022-03-09 10:03:00,79.94,79.93,79.86,80.11
2022-03-09 10:04:00,79.73,79.94,79.73,79.94
2022-03-09 10:05:00,79.655,79.82,79.6,79.88
2022-03-09 10:06:00,79.66,79.625,79.51,79.66
2022-03-09 10:07:00,79.65,79.66,79.61,79.71
2022-03-09 10:08:00,79.6,79.68,79.6,79.75
2022-03-09 10:09:00,79.65,79.68,79.65,79.68
2022-03-09 10:10:00,79.485,79.58,79.48,79.63
2022-03-09 10:11:00,79.37,79.47,79.3,79.47
2022-03-09 10:12:00,79.48,79.36,79.29,79.48
2022-03-09 10:13:00,79.71,79.5,79.44,79.71
2022-03-09 10:14:00,79.65,79.65,79.65,79.65
2022-03-09 10:15:00,79.71,79.77,79.7,79.77
2022-03-09 10:16:00,79.66,79.62,79.58,79.66
2022-03-09 10:17:00,79.72,79.7,79.7,79.72
2022-03-09 10:18:00,79.85,79.72,79.72,79.9
2022-03-09 10:19:00,79.77,79.83,79.68,79.83
2022-03-09 10:20:00,79.7,79.72,79.68,79.72
2022-03-09 10:21:00,79.58,79.58,79.58,79.58
2022-03-09 10:22:00,79.49,79.51,79.43,79.545
2022-03-09 10:23:00,79.5,79.47,79.41,79.54
2022-03-09 10:24:00,79.54,79.47,79.47,79.58
2022-03-09 10:25:00,79.5,79.48,79.45,79.65
2022-03-09 10:26:00,79.53,79.52,79.39,79.55
2022-03-09 10:27:00,79.55,79.56,79.55,79.75
2022-03-09 10:28:00,79.68,79.6,79.6,79.68
2022-03-09 10:29:00,79.84,79.97,79.84,79.97
2022-03-09 10:30:00,79.91,79.92,79.89,79.95
2022-03-09 10:31:00,80.47,79.95,79.94,80.5
2022-03-09 10:32:00,80.34,80.45,80.3,80.45
2022-03-09 10:33:00,80.32,80.45,80.26,80.45
2022-03-09 10:34:00,79.96,80.32,79.96,80.32
2022-03-09 10:35:00,79.96,79.85,79.84,80.06
2022-03-09 10:36:00,80.04,80.0,79.82,80.04
2022-03-09 10:37:00,80.09,80.05,80.05,80.1
2022-03-09 10:38:00,80.09,80.05,80.05,80.1
2022-03-09 10:39:00,80.1,80.13,80.1,80.13
2022-03-09 10:40:00,80.19,80.3,80.19,80.43
2022-03-09 10:41:00,80.04,80.16,80.04,80.175
2022-03-09 10:42:00,80.09,80.12,80.04,80.12
2022-03-09 10:43:00,80.11,80.21,80.11,80.21
2022-03-09 10:44:00,79.93,80.05,79.88,80.08
2022-03-09 10:45:00,79.86,79.89,79.86,79.89
2022-03-09 10:46:00,79.94,80.12,79.94,80.15
2022-03-09 10:47:00,79.86,79.95,79.82,79.95
2022-03-09 10:48:00,79.63,79.84,79.56,79.84
2022-03-09 10:49:00,79.55,79.6,79.465,79.6
2022-03-09 10:50:00,79.54,79.54,79.45,79.55
2022-03-09 10:51:00,79.56,79.53,79.53,79.64
2022-03-09 10:52:00,79.46,79.7,79.46,79.71
2022-03-09 10:53:00,79.51,79.4,79.4,79.61
2022-03-09 10:54:00,79.8,79.7,79.63,79.82
2022-03-09 10:55:00,79.845,79.81,79.81,79.85
2022-03-09 10:56:00,79.87,79.91,79.784,79.91
2022-03-09 10:57:00,80.1,79.71,79.69,80.1
2022-03-09 10:58:00,79.78,79.89,79.78,79.89
2022-03-09 10:59:00,79.85,79.8,79.67,79.85
2022-03-09 11:00:00,80.15,79.84,79.84,80.15
2022-03-09 11:01:00,80.16,80.17,80.115,80.185
2022-03-09 11:02:00,80.03,80.2,80.02,80.2
2022-03-09 11:03:00,80.14,80.02,79.97,80.14
2022-03-09 11:04:00,80.115,80.11,80.09,80.16
2022-03-09 11:05:00,79.915,80.0,79.915,80.0
2022-03-09 11:06:00,79.91,79.81,79.81,79.92
2022-03-09 11:07:00,79.86,79.905,79.86,79.97
2022-03-09 11:08:00,79.9,79.85,79.79,79.9
2022-03-09 11:09:00,79.93,79.96,79.87,79.96
2022-03-09 11:10:00,80.0,80.0,80.0,80.0
2022-03-09 11:11:00,80.24,80.13,80.13,80.26
2022-03-09 11:12:00,80.47,80.26,80.26,80.57
2022-03-09 11:13:00,80.94,80.47,80.47,80.94
2022-03-09 11:14:00,80.83,80.89,80.77,80.89
2022-03-09 11:15:00,81.07,80.79,80.79,81.07
2022-03-09 11:16:00,80.85,81.08,80.8,81.08
2022-03-09 11:17:00,80.95,80.93,80.92,80.96
2022-03-09 11:18:00,80.94,80.95,80.93,81.0
2022-03-09 11:19:00,80.71,80.95,80.71,80.95
2022-03-09 11:20:00,80.79,80.86,80.77,80.89
2022-03-09 11:21:00,80.76,80.77,80.76,80.83
2022-03-09 11:22:00,80.72,80.83,80.71,80.96
2022-03-09 11:23:00,80.58,80.61,80.58,80.63
2022-03-09 11:24:00,80.62,80.53,80.5,80.65
2022-03-09 11:25:00,80.47,80.53,80.42,80.53
2022-03-09 11:26:00,80.95,80.45,80.45,80.96
2022-03-09 11:27:00,80.77,80.88,80.77,80.91
2022-03-09 11:28:00,80.81,80.79,80.79,80.81
2022-03-09 11:29:00,80.76,80.8,80.76,80.84
2022-03-09 11:30:00,80.3,80.81,80.3,80.81
2022-03-09 11:31:00,80.37,80.32,80.32,80.52
2022-03-09 11:32:00,80.32,80.39,80.29,80.47
2022-03-09 11:33:00,80.375,80.325,80.315,80.41
2022-03-09 11:34:00,79.73,80.38,79.57,80.38
2022-03-09 11:35:00,79.61,79.61,79.55,79.72
2022-03-09 11:36:00,79.58,79.55,79.52,79.59
2022-03-09 11:37:00,79.22,79.54,79.15,79.57
2022-03-09 11:38:00,79.02,79.24,79.0,79.28
2022-03-09 11:39:00,79.28,79.02,78.99,79.3
2022-03-09 11:40:00,79.16,79.3,79.16,79.37
2022-03-09 11:41:00,78.42,79.085,78.26,79.09
2022-03-09 11:42:00,78.66,78.37,78.35,78.74
2022-03-09 11:43:00,78.68,78.59,78.33,78.68
2022-03-09 11:44:00,78.84,78.68,78.68,78.97
2022-03-09 11:45:00,79.09,78.93,78.93,79.11
2022-03-09 11:46:00,79.15,79.13,79.09,79.18
2022-03-09 11:47:00,78.855,79.135,78.82,79.22
2022-03-09 11:48:00,78.79,78.8,78.69,78.915
2022-03-09 11:49:00,78.785,78.84,78.69,78.84
2022-03-09 11:50:00,78.75,78.81,78.67,78.81
2022-03-09 11:51:00,79.2,78.84,78.84,79.26
2022-03-09 11:52:00,79.11,79.16,79.11,79.24
2022-03-09 11:53:00,79.22,79.1,79.03,79.22
2022-03-09 11:54:00,78.93,79.11,78.93,79.11
2022-03-09 11:55:00,78.98,78.815,78.815,78.98
2022-03-09 11:56:00,78.96,78.98,78.96,79.05
2022-03-09 11:57:00,79.14,79.18,79.11,79.2
2022-03-09 11:58:00,79.16,79.11,79.1,79.16
2022-03-09 11:59:00,79.38,79.2,79.2,79.4
2022-03-09 12:00:00,79.13,79.2,79.13,79.27
2022-03-09 12:01:00,79.31,79.25,79.25,79.34
2022-03-09 12:02:00,79.4,79.29,79.29,79.5
2022-03-09 12:03:00,79.155,79.35,79.155,79.36
2022-03-09 12:04:00,79.26,79.26,79.26,79.26
2022-03-09 12:05:00,79.1,79.15,79.1,79.22
2022-03-09 12:06:00,79.07,79.11,79.07,79.11
2022-03-09 12:07:00,78.87,79.03,78.82,79.03
2022-03-09 12:08:00,78.9,78.8,78.8,78.924
2022-03-09 12:09:00,78.76,78.89,78.76,78.9
2022-03-09 12:10:00,78.65,78.77,78.62,78.77
2022-03-09 12:11:00,78.46,78.61,78.28,78.61
2022-03-09 12:12:00,78.3,78.5,78.3,78.5
2022-03-09 12:13:00,78.01,78.3,77.83,78.3
2022-03-09 12:14:00,78.005,78.01,78.005,78.22
2022-03-09 12:15:00,78.22,77.98,77.98,78.23
2022-03-09 12:16:00,78.22,78.248,78.2,78.248
2022-03-09 12:17:00,78.41,78.38,78.35,78.5
2022-03-09 12:18:00,78.2,78.22,78.2,78.22
2022-03-09 12:19:00,78.29,78.24,78.14,78.39
2022-03-09 12:20:00,78.45,78.29,78.29,78.49
2022-03-09 12:21:00,78.39,78.32,78.32,78.44
2022-03-09 12:22:00,78.6,78.47,78.47,78.75
2022-03-09 12:23:00,78.53,78.56,78.16,78.57
2022-03-09 12:24:00,78.17,78.46,78.17,78.46
2022-03-09 12:25:00,78.41,78.18,78.18,78.41
2022-03-09 12:26:00,78.46,78.23,78.23,78.52
2022-03-09 12:27:00,78.0,78.34,78.0,78.34
2022-03-09 12:28:00,78.07,78.17,78.07,78.19
2022-03-09 12:29:00,77.77,78.01,77.72,78.01
2022-03-09 12:30:00,77.71,77.85,77.67,77.88
2022-03-09 12:31:00,77.05,77.68,77.05,77.7
2022-03-09 12:32:00,76.97,77.01,76.76,77.1
2022-03-09 12:33:00,76.04,76.99,75.95,77.0
2022-03-09 12:34:00,75.65,76.31,75.63,76.32
2022-03-09 12:35:00,74.83,75.65,74.7,76.16
2022-03-09 12:36:00,74.45,74.83,74.36,75.55
2022-03-09 12:37:00,74.78,74.41,73.64,74.84
2022-03-09 12:38:00,74.33,74.75,74.0,74.97
2022-03-09 12:39:00,74.88,74.17,73.19,74.97
2022-03-09 12:40:00,74.74,74.77,74.27,74.99
2022-03-09 12:41:00,74.89,74.65,74.28,74.9
2022-03-09 12:42:00,74.81,74.98,74.68,75.23
2022-03-09 12:43:00,74.32,74.79,74.32,74.79
2022-03-09 12:44:00,74.62,74.26,74.18,74.82
2022-03-09 12:45:00,74.13,74.44,73.94,74.54
2022-03-09 12:46:00,73.62,74.01,73.41,74.1
2022-03-09 12:47:00,74.24,73.61,73.61,74.25
2022-03-09 12:48:00,74.57,74.29,74.25,74.75
2022-03-09 12:49:00,74.19,74.46,73.98,74.5
2022-03-09 12:50:00,74.63,74.2,74.2,74.71
2022-03-09 12:51:00,75.0,74.51,74.51,75.0
2022-03-09 12:52:00,75.1,74.99,74.82,75.12
2022-03-09 12:53:00,75.15,75.03,74.95,75.22
2022-03-09 12:54:00,74.84,75.12,74.81,75.215
2022-03-09 12:55:00,75.43,74.96,74.96,75.43
2022-03-09 12:56:00,75.19,75.42,75.14,75.42
2022-03-09 12:57:00,75.25,75.2,75.08,75.26
2022-03-09 12:58:00,75.58,75.24,75.24,75.6
2022-03-09 12:59:00,75.58,75.57,75.28,75.59
2022-03-09 13:00:00,75.63,75.55,75.55,75.74
2022-03-09 13:01:00,75.32,75.66,75.06,75.7
2022-03-09 13:02:00,75.71,75.31,75.31,75.73
2022-03-09 13:03:00,75.66,75.6,75.51,75.68
2022-03-09 13:04:00,76.25,75.626,75.626,76.58
2022-03-09 13:05:00,76.41,76.32,76.21,76.75
2022-03-09 13:06:00,76.07,76.36,75.86,76.36
2022-03-09 13:07:00,76.34,76.12,75.97,76.34
2022-03-09 13:08:00,76.08,76.4,76.08,76.45
2022-03-09 13:09:00,76.4,76.12,76.12,76.47
2022-03-09 13:10:00,76.38,76.36,76.19,76.38
2022-03-09 13:11:00,75.76,76.24,75.64,76.24
2022-03-09 13:12:00,75.79,75.79,75.73,75.88
2022-03-09 13:13:00,75.6,75.68,75.59,75.71
2022-03-09 13:14:00,75.31,75.69,75.23,75.69
2022-03-09 13:15:00,75.68,75.27,75.15,75.68
2022-03-09 13:16:00,75.38,75.68,75.25,75.71
2022-03-09 13:17:00,75.17,75.37,75.08,75.37
2022-03-09 13:18:00,74.94,75.04,74.77,75.04
2022-03-09 13:19:00,74.57,74.93,74.44,74.98
2022-03-09 13:20:00,74.79,74.63,74.44,74.79
2022-03-09 13:21:00,74.53,74.76,74.5,74.86
2022-03-09 13:22:00,74.92,74.65,74.65,74.92
2022-03-09 13:23:00,74.52,74.99,74.52,74.99
2022-03-09 13:24:00,74.18,74.37,74.18,74.37
2022-03-09 13:25:00,74.33,74.4,74.3,74.53
2022-03-09 13:26:00,74.12,74.34,74.07,74.35
2022-03-09 13:27:00,74.24,74.23,74.2,74.32
2022-03-09 13:28:00,73.84,74.25,73.8,74.28
2022-03-09 13:29:00,73.86,73.78,73.72,74.03
2022-03-09 13:30:00,74.19,73.85,73.85,74.19
2022-03-09 13:31:00,73.82,74.2,73.79,74.2
2022-03-09 13:32:00,73.38,73.76,73.06,73.76
2022-03-09 13:33:00,73.68,73.44,73.4,73.71
2022-03-09 13:34:00,73.72,73.74,73.72,73.96
2022-03-09 13:35:00,73.54,73.82,73.53,73.85
2022-03-09 13:36:00,74.36,73.58,73.52,74.36
2022-03-09 13:37:00,74.5,74.41,74.2,74.5
2022-03-09 13:38:00,74.05,74.43,74.05,74.43
2022-03-09 13:39:00,74.16,74.19,74.05,74.23
2022-03-09 13:40:00,74.56,74.5,74.5,74.56
2022-03-09 13:41:00,74.25,74.59,74.25,74.59
2022-03-09 13:42:00,74.44,74.26,74.26,74.5
2022-03-09 13:43:00,74.39,74.34,74.27,74.39
2022-03-09 13:44:00,74.73,74.16,74.16,74.73
2022-03-09 13:45:00,74.29,74.8,74.27,74.8
2022-03-09 13:46:00,74.53,74.37,74.28,74.6
2022-03-09 13:47:00,74.53,74.49,74.49,74.64
2022-03-09 13:48:00,74.51,74.6,74.51,74.61
2022-03-09 13:49:00,74.46,74.4,74.29,74.5
2022-03-09 13:50:00,74.57,74.45,74.35,74.58
2022-03-09 13:51:00,74.48,74.48,74.42,74.484
2022-03-09 13:52:00,74.44,74.43,74.43,74.6
2022-03-09 13:53:00,74.31,74.45,74.31,74.46
2022-03-09 13:54:00,74.35,74.3,74.25,74.35
2022-03-09 13:55:00,74.31,74.31,74.31,74.31
2022-03-09 13:56:00,74.0,74.48,73.91,74.48
2022-03-09 13:57:00,73.75,74.09,73.75,74.15
2022-03-09 13:58:00,73.98,73.81,73.81,74.0
2022-03-09 13:59:00,74.3,73.945,73.945,74.3
2022-03-09 14:00:00,74.0,74.13,73.99,74.13
2022-03-09 14:01:00,74.085,74.05,73.9,74.09
2022-03-09 14:02:00,73.48,74.06,73.48,74.06
2022-03-09 14:03:00,73.64,73.49,73.34,73.68
2022-03-09 14:04:00,73.65,73.6,73.55,73.66
2022-03-09 14:05:00,73.7,73.54,73.54,73.7
2022-03-09 14:06:00,73.63,73.71,73.62,73.84
2022-03-09 14:07:00,73.52,73.63,73.5,73.63
2022-03-09 14:08:00,73.22,73.25,73.17,73.31
2022-03-09 14:09:00,73.38,73.29,73.19,73.38
2022-03-09 14:10:00,73.35,73.29,73.29,73.42
2022-03-09 14:11:00,73.4,73.27,73.2,73.4
2022-03-09 14:12:00,73.1,73.36,73.02,73.36
2022-03-09 14:13:00,73.28,73.16,73.08,73.28
2022-03-09 14:14:00,73.25,73.28,73.25,73.35
2022-03-09 14:15:00,73.22,73.22,73.16,73.22
2022-03-09 14:16:00,73.105,73.21,73.105,73.42
2022-03-09 14:17:00,73.32,73.22,73.09,73.33
2022-03-09 14:18:00,73.26,73.34,73.26,73.45
2022-03-09 14:19:00,73.26,73.35,73.255,73.38
2022-03-09 14:20:00,73.26,73.31,73.23,73.35
2022-03-09 14:21:00,73.63,73.23,73.23,73.63
2022-03-09 14:22:00,73.71,73.74,73.7,73.75
2022-03-09 14:23:00,74.26,73.81,73.76,74.34
2022-03-09 14:24:00,74.28,74.28,74.16,74.6
2022-03-09 14:25:00,74.59,74.28,74.02,74.65
2022-03-09 14:26:00,74.19,74.55,73.94,74.55
2022-03-09 14:27:00,74.52,74.17,74.07,74.58
2022-03-09 14:28:00,74.38,74.41,74.32,74.54
2022-03-09 14:29:00,74.15,74.36,73.93,74.36
2022-03-09 14:30:00,74.21,74.4,74.04,74.46
2022-03-09 14:31:00,74.171,74.2,74.07,74.2
2022-03-09 14:32:00,74.25,74.21,74.21,74.25
2022-03-09 14:33:00,73.73,74.21,73.73,74.21
2022-03-09 14:34:00,74.02,73.87,73.87,74.03
2022-03-09 14:35:00,74.13,74.08,74.08,74.13
2022-03-09 14:36:00,73.89,74.19,73.89,74.19
2022-03-09 14:37:00,74.0,73.92,73.78,74.0
2022-03-09 14:38:00,73.92,73.9,73.9,73.98
2022-03-09 14:39:00,74.07,73.99,73.99,74.09
2022-03-09 14:40:00,73.96,74.14,73.95,74.19
2022-03-09 14:41:00,73.85,73.88,73.61,73.98
2022-03-09 14:42:00,74.01,73.94,73.94,74.01
2022-03-09 14:43:00,74.07,74.04,74.04,74.08
2022-03-09 14:44:00,74.04,74.09,74.03,74.09
2022-03-09 14:45:00,74.12,74.06,74.05,74.12
2022-03-09 14:46:00,74.4,74.17,74.17,74.42
2022-03-09 14:47:00,74.46,74.45,74.38,74.48
2022-03-09 14:48:00,74.28,74.43,74.28,74.43
2022-03-09 14:49:00,74.29,74.32,74.29,74.36
2022-03-09 14:50:00,74.45,74.3,74.3,74.45
2022-03-09 14:51:00,74.435,74.48,74.435,74.6
2022-03-09 14:52:00,74.59,74.52,74.52,74.59
2022-03-09 14:53:00,74.5,74.5,74.48,74.53
2022-03-09 14:54:00,74.52,74.49,74.43,74.53
2022-03-09 14:55:00,74.555,74.51,74.51,74.555
2022-03-09 14:56:00,74.79,74.55,74.55,74.86
2022-03-09 14:57:00,74.79,74.85,74.79,74.87
2022-03-09 14:58:00,74.92,74.88,74.88,74.97
2022-03-09 14:59:00,74.91,74.93,74.91,74.94
2022-03-09 15:00:00,74.89,74.95,74.89,74.95
2022-03-09 15:01:00,74.87,74.93,74.87,75.0
2022-03-09 15:02:00,74.88,74.85,74.82,74.89
2022-03-09 15:03:00,74.75,74.83,74.65,74.83
2022-03-09 15:04:00,74.53,74.7,74.44,74.7
2022-03-09 15:05:00,74.53,74.54,74.53,74.54
2022-03-09 15:06:00,74.39,74.47,74.38,74.51
2022-03-09 15:07:00,74.54,74.4,74.19,74.65
2022-03-09 15:08:00,74.49,74.52,74.49,74.52
2022-03-09 15:09:00,74.49,74.43,74.24,74.5
2022-03-09 15:10:00,74.55,74.46,74.46,74.55
2022-03-09 15:11:00,74.63,74.5,74.5,74.66
2022-03-09 15:12:00,74.76,74.61,74.61,74.78
2022-03-09 15:13:00,74.64,74.7,74.5,74.7
2022-03-09 15:14:00,74.84,74.64,74.64,74.84
2022-03-09 15:15:00,74.91,74.87,74.87,74.94
2022-03-09 15:16:00,74.88,74.87,74.87,74.92
2022-03-09 15:17:00,75.0,74.91,74.85,75.0
2022-03-09 15:18:00,74.93,74.96,74.93,74.96
2022-03-09 15:19:00,74.93,74.9,74.89,74.94
2022-03-09 15:20:00,74.88,74.92,74.88,74.92
2022-03-09 15:21:00,74.96,74.9,74.9,75.03
2022-03-09 15:22:00,74.89,74.93,74.89,74.93
2022-03-09 15:23:00,74.94,74.85,74.8,74.94
2022-03-09 15:24:00,74.91,74.94,74.86,74.94
2022-03-09 15:25:00,74.79,74.93,74.73,74.93
2022-03-09 15:26:00,74.89,74.81,74.76,74.89
2022-03-09 15:27:00,75.02,74.92,74.92,75.02
2022-03-09 15:28:00,75.02,74.98,74.97,75.08
2022-03-09 15:29:00,75.03,75.04,74.99,75.05
2022-03-09 15:30:00,75.0,75.03,74.98,75.04
2022-03-09 15:31:00,75.01,75.0,74.98,75.03
2022-03-09 15:32:00,74.955,74.98,74.95,75.01
2022-03-09 15:33:00,74.97,74.95,74.93,75.01
2022-03-09 15:34:00,74.98,74.98,74.96,75.0
2022-03-09 15:35:00,74.93,74.95,74.89,74.95
2022-03-09 15:36:00,74.79,74.85,74.79,74.87
2022-03-09 15:37:00,74.98,74.78,74.75,74.985
2022-03-09 15:38:00,74.93,75.0,74.93,75.01
2022-03-09 15:39:00,75.0,74.945,74.945,75.03
2022-03-09 15:40:00,75.12,75.01,74.99,75.13
2022-03-09 15:41:00,75.28,75.09,75.08,75.3
2022-03-09 15:42:00,75.2,75.33,75.16,75.33
2022-03-09 15:43:00,75.2,75.21,75.18,75.23
2022-03-09 15:44:00,75.05,75.18,75.05,75.22
2022-03-09 15:45:00,75.11,75.04,74.96,75.11
2022-03-09 15:46:00,75.04,75.12,75.02,75.12
2022-03-09 15:47:00,74.98,75.04,74.93,75.04
2022-03-09 15:48:00,75.04,75.05,75.04,75.06
2022-03-09 15:49:00,75.07,75.01,74.89,75.07
2022-03-09 15:50:00,75.11,75.06,74.93,75.13
2022-03-09 15:51:00,75.0,75.09,74.89,75.09
2022-03-09 15:52:00,75.18,75.04,74.98,75.18
2022-03-09 15:53:00,75.37,75.2,75.2,75.43
2022-03-09 15:54:00,75.23,75.37,75.23,75.37
2022-03-09 15:55:00,75.08,75.22,75.07,75.22
2022-03-09 15:56:00,75.33,75.08,75.07,75.36
2022-03-09 15:57:00,75.28,75.34,75.26,75.35
2022-03-09 15:58:00,75.37,75.275,75.275,75.38
2022-03-09 15:59:00,75.46,75.385,75.36,75.46
2022-03-09 16:00:00,75.47,75.46,75.36,75.47
2022-03-10 09:31:00,77.12,77.06,77.04,77.19
2022-03-10 09:32:00,77.15,77.004,76.97,77.29
2022-03-10 09:33:00,77.4,77.32,77.32,77.44
2022-03-10 09:34:00,77.08,77.39,77.08,77.39
2022-03-10 09:35:00,76.96,77.11,76.96,77.14
2022-03-10 09:36:00,76.919,77.0,76.77,77.0
2022-03-10 09:37:00,76.92,76.88,76.83,77.15
2022-03-10 09:38:00,77.04,76.96,76.96,77.07
2022-03-10 09:39:00,77.2,77.06,77.06,77.24
2022-03-10 09:40:00,77.04,77.14,77.0,77.14
2022-03-10 09:41:00,76.79,77.07,76.79,77.07
2022-03-10 09:42:00,76.15,76.624,75.961,76.74
2022-03-10 09:43:00,76.04,76.22,76.0,76.31
2022-03-10 09:44:00,76.02,75.97,75.97,76.222
2022-03-10 09:45:00,76.36,76.0,75.95,76.47
2022-03-10 09:46:00,76.54,76.5,76.49,76.65
2022-03-10 09:47:00,76.552,76.59,76.5,76.75
2022-03-10 09:48:00,76.78,76.59,76.505,76.87
2022-03-10 09:49:00,76.74,76.81,76.65,76.81
2022-03-10 09:50:00,76.6,76.63,76.42,76.74
2022-03-10 09:51:00,76.31,76.56,76.31,76.56
2022-03-10 09:52:00,76.48,76.2,76.2,76.48
2022-03-10 09:53:00,76.25,76.47,76.25,76.53
2022-03-10 09:54:00,76.23,76.24,76.07,76.26
2022-03-10 09:55:00,76.03,76.19,76.03,76.21
2022-03-10 09:56:00,75.72,76.12,75.61,76.19
2022-03-10 09:57:00,75.73,75.73,75.71,75.8
2022-03-10 09:58:00,75.44,75.73,75.42,75.85
2022-03-10 09:59:00,75.2,75.38,74.8,75.38
2022-03-10 10:00:00,75.54,75.21,75.21,75.54
2022-03-10 10:01:00,75.53,75.47,75.4,75.66
2022-03-10 10:02:00,75.56,75.62,75.56,75.73
2022-03-10 10:03:00,75.37,75.53,75.37,75.53
2022-03-10 10:04:00,75.55,75.37,75.37,75.55
2022-03-10 10:05:00,75.83,75.72,75.72,75.83
2022-03-10 10:06:00,75.57,75.71,75.52,75.71
2022-03-10 10:07:00,75.49,75.56,75.46,75.65
2022-03-10 10:08:00,75.51,75.57,75.5,75.65
2022-03-10 10:09:00,75.39,75.3,75.3,75.39
2022-03-10 10:10:00,75.44,75.35,75.35,75.44
2022-03-10 10:11:00,74.89,75.27,74.54,75.27
2022-03-10 10:12:00,74.74,74.93,74.74,75.07
2022-03-10 10:13:00,74.38,74.595,74.31,74.66
2022-03-10 10:14:00,74.395,74.38,74.08,74.49
2022-03-10 10:15:00,74.44,74.43,74.32,74.66
2022-03-10 10:16:00,74.28,74.39,74.22,74.43
2022-03-10 10:17:00,73.9,74.2,73.77,74.2
2022-03-10 10:18:00,73.531,73.915,73.531,74.04
2022-03-10 10:19:00,73.25,73.54,73.22,73.76
2022-03-10 10:20:00,73.915,73.27,73.26,73.99
2022-03-10 10:21:00,73.745,73.89,73.67,73.98
2022-03-10 10:22:00,74.21,73.95,73.87,74.235
2022-03-10 10:23:00,74.37,74.22,74.22,74.43
2022-03-10 10:24:00,74.89,74.45,74.45,74.94
2022-03-10 10:25:00,74.85,74.91,74.75,74.97
2022-03-10 10:26:00,74.96,74.67,74.57,75.03
2022-03-10 10:27:00,74.97,74.91,74.65,74.97
2022-03-10 10:28:00,74.76,74.79,74.69,74.795
2022-03-10 10:29:00,74.51,74.561,74.49,74.59
2022-03-10 10:30:00,74.99,74.53,74.53,75.11
2022-03-10 10:31:00,75.21,75.14,75.07,75.215
2022-03-10 10:32:00,75.04,75.19,75.02,75.26
2022-03-10 10:33:00,75.25,75.02,74.97,75.3
2022-03-10 10:34:00,75.48,75.32,75.28,75.64
2022-03-10 10:35:00,75.51,75.41,75.37,75.59
2022-03-10 10:36:00,75.47,75.56,75.44,75.57
2022-03-10 10:37:00,75.63,75.42,75.34,75.66
2022-03-10 10:38:00,75.2,75.58,75.2,75.58
2022-03-10 10:39:00,75.34,75.26,75.26,75.34
2022-03-10 10:40:00,75.23,75.15,75.15,75.23
2022-03-10 10:41:00,74.98,75.16,74.98,75.16
2022-03-10 10:42:00,74.85,75.02,74.85,75.03
2022-03-10 10:43:00,75.05,75.05,75.05,75.05
2022-03-10 10:44:00,74.86,74.894,74.85,74.894
2022-03-10 10:45:00,75.04,74.86,74.86,75.2
2022-03-10 10:46:00,74.9,74.95,74.88,74.95
2022-03-10 10:47:00,74.81,74.82,74.66,74.82
2022-03-10 10:48:00,75.13,74.98,74.98,75.13
2022-03-10 10:49:00,74.89,74.72,74.72,74.9
2022-03-10 10:50:00,75.02,74.836,74.836,75.05
2022-03-10 10:51:00,75.32,75.0,75.0,75.35
2022-03-10 10:52:00,75.1,75.31,75.09,75.31
2022-03-10 10:53:00,75.23,75.08,74.97,75.24
2022-03-10 10:54:00,75.07,75.27,75.07,75.27
2022-03-10 10:55:00,75.29,75.1,74.98,75.29
2022-03-10 10:56:00,74.86,75.25,74.86,75.25
2022-03-10 10:57:00,75.12,75.08,75.08,75.15
2022-03-10 10:58:00,74.63,74.9,74.55,74.9
2022-03-10 10:59:00,74.95,74.69,74.69,74.95
2022-03-10 11:00:00,75.01,75.09,75.0,75.2
2022-03-10 11:01:00,75.02,74.98,74.98,75.15
2022-03-10 11:02:00,75.09,75.08,75.04,75.09
2022-03-10 11:03:00,75.13,75.036,75.036,75.15
2022-03-10 11:04:00,74.86,75.19,74.78,75.19
2022-03-10 11:05:00,75.1,75.0,75.0,75.1
2022-03-10 11:06:00,74.87,74.96,74.87,74.96
2022-03-10 11:07:00,74.76,74.8,74.5,74.82
2022-03-10 11:08:00,74.84,74.74,74.74,74.9
2022-03-10 11:09:00,74.87,74.81,74.81,74.87
2022-03-10 11:10:00,75.034,74.92,74.92,75.034
2022-03-10 11:11:00,75.07,75.08,75.07,75.14
2022-03-10 11:12:00,75.07,75.08,75.07,75.14
2022-03-10 11:13:00,75.07,74.98,74.98,75.07
2022-03-10 11:14:00,74.93,74.89,74.89,74.93
2022-03-10 11:15:00,74.93,74.89,74.89,74.93
2022-03-10 11:16:00,75.05,74.94,74.94,75.05
2022-03-10 11:17:00,75.05,75.04,75.04,75.05
2022-03-10 11:18:00,75.09,75.18,75.045,75.28
2022-03-10 11:19:00,75.01,75.09,75.01,75.09
2022-03-10 11:20:00,75.04,75.04,75.04,75.04
2022-03-10 11:21:00,74.79,74.95,74.79,74.95
2022-03-10 11:22:00,74.86,74.81,74.81,74.86
2022-03-10 11:23:00,75.08,74.96,74.96,75.1
2022-03-10 11:24:00,75.135,75.15,75.135,75.2
2022-03-10 11:25:00,75.54,75.1,75.1,75.55
2022-03-10 11:26:00,75.5,75.44,75.44,75.61
2022-03-10 11:27:00,75.32,75.51,75.32,75.53
2022-03-10 11:28:00,75.5,75.5,75.5,75.5
2022-03-10 11:29:00,75.38,75.43,75.38,75.47
2022-03-10 11:30:00,75.57,75.58,75.53,75.67
2022-03-10 11:31:00,75.57,75.58,75.53,75.67
2022-03-10 11:32:00,75.37,75.37,75.37,75.37
2022-03-10 11:33:00,75.4,75.32,75.29,75.4
2022-03-10 11:34:00,75.4,75.32,75.29,75.4
2022-03-10 11:35:00,75.12,75.316,75.11,75.34
2022-03-10 11:36:00,74.82,75.06,74.81,75.06
2022-03-10 11:37:00,74.63,74.8,74.53,74.8
2022-03-10 11:38:00,74.42,74.42,74.36,74.5
2022-03-10 11:39:00,74.52,74.52,74.52,74.52
2022-03-10 11:40:00,74.6,74.63,74.6,74.63
2022-03-10 11:41:00,74.62,74.7,74.62,74.7
2022-03-10 11:42:00,74.85,74.75,74.75,74.86
2022-03-10 11:43:00,74.8,74.81,74.8,74.81
2022-03-10 11:44:00,74.7,74.64,74.64,74.7
2022-03-10 11:45:00,74.91,74.81,74.81,74.93
2022-03-10 11:46:00,75.03,74.92,74.89,75.03
2022-03-10 11:47:00,74.96,74.95,74.94,74.97
2022-03-10 11:48:00,74.68,74.85,74.66,74.85
2022-03-10 11:49:00,74.74,74.72,74.72,74.75
2022-03-10 11:50:00,74.82,74.81,74.8,74.91
2022-03-10 11:51:00,74.77,74.8,74.77,74.93
2022-03-10 11:52:00,74.77,74.8,74.77,74.93
2022-03-10 11:53:00,74.64,74.72,74.64,74.72
2022-03-10 11:54:00,74.62,74.61,74.61,74.62
2022-03-10 11:55:00,74.56,74.74,74.55,74.75
2022-03-10 11:56:00,74.7,74.61,74.61,74.7
2022-03-10 11:57:00,74.65,74.56,74.56,74.65
2022-03-10 11:58:00,74.63,74.6,74.6,74.63
2022-03-10 11:59:00,74.39,74.45,74.29,74.45
2022-03-10 12:00:00,74.16,74.43,74.16,74.43
2022-03-10 12:01:00,74.33,74.07,74.05,74.35
2022-03-10 12:02:00,74.1,74.23,74.1,74.23
2022-03-10 12:03:00,74.21,74.14,74.14,74.31
2022-03-10 12:04:00,74.52,74.59,74.52,74.61
2022-03-10 12:05:00,74.37,74.3,74.3,74.37
2022-03-10 12:06:00,74.09,74.27,73.99,74.27
2022-03-10 12:07:00,74.08,74.12,74.06,74.12
2022-03-10 12:08:00,74.47,74.21,74.21,74.47
2022-03-10 12:09:00,74.51,74.51,74.51,74.51
2022-03-10 12:10:00,74.51,74.51,74.51,74.51
2022-03-10 12:11:00,74.34,74.26,74.26,74.34
2022-03-10 12:12:00,74.34,74.26,74.26,74.34
2022-03-10 12:13:00,74.34,74.26,74.26,74.34
2022-03-10 12:14:00,74.49,74.4,74.4,74.49
2022-03-10 12:15:00,74.57,74.51,74.49,74.57
2022-03-10 12:16:00,74.57,74.51,74.49,74.57
2022-03-10 12:17:00,74.69,74.69,74.69,74.69
2022-03-10 12:18:00,74.69,74.69,74.69,74.69
2022-03-10 12:19:00,74.46,74.56,74.46,74.57
2022-03-10 12:20:00,74.4,74.5,74.36,74.5
2022-03-10 12:21:00,74.48,74.38,74.32,74.48
2022-03-10 12:22:00,74.35,74.5,74.35,74.5
2022-03-10 12:23:00,74.24,74.22,74.18,74.26
2022-03-10 12:24:00,74.25,74.34,74.25,74.34
2022-03-10 12:25:00,74.25,74.34,74.25,74.34
2022-03-10 12:26:00,74.34,74.34,74.34,74.34
2022-03-10 12:27:00,74.34,74.4,74.34,74.4
2022-03-10 12:28:00,74.4,74.47,74.4,74.47
2022-03-10 12:29:00,74.44,74.43,74.43,74.45
2022-03-10 12:30:00,74.5,74.53,74.5,74.53
2022-03-10 12:31:00,74.21,74.27,74.2,74.27
2022-03-10 12:32:00,74.34,74.32,74.31,74.34
2022-03-10 12:33:00,74.3,74.4,74.3,74.41
2022-03-10 12:34:00,74.41,74.4,74.4,74.41
2022-03-10 12:35:00,74.5,74.46,74.46,74.5
2022-03-10 12:36:00,74.53,74.47,74.47,74.56
2022-03-10 12:37:00,74.57,74.59,74.57,74.59
2022-03-10 12:38:00,74.41,74.41,74.41,74.41
2022-03-10 12:39:00,74.29,74.36,74.29,74.36
2022-03-10 12:40:00,73.86,74.22,73.82,74.22
2022-03-10 12:41:00,73.77,73.86,73.76,73.92
2022-03-10 12:42:00,73.58,73.8,73.35,73.8
2022-03-10 12:43:00,73.74,73.59,73.51,73.74
2022-03-10 12:44:00,73.97,73.74,73.71,73.97
2022-03-10 12:45:00,73.86,73.96,73.86,73.96
2022-03-10 12:46:00,73.66,73.86,73.64,73.86
2022-03-10 12:47:00,73.52,73.56,73.52,73.56
2022-03-10 12:48:00,73.72,73.72,73.72,73.72
2022-03-10 12:49:00,73.54,73.69,73.54,73.69
2022-03-10 12:50:00,73.54,73.69,73.54,73.69
2022-03-10 12:51:00,73.88,73.56,73.56,73.88
2022-03-10 12:52:00,73.96,73.99,73.96,73.99
2022-03-10 12:53:00,73.975,73.975,73.975,73.975
2022-03-10 12:54:00,73.96,73.955,73.955,73.96
2022-03-10 12:55:00,73.96,73.955,73.955,73.96
2022-03-10 12:56:00,73.96,73.955,73.955,73.96
2022-03-10 12:57:00,73.36,73.75,73.36,73.77
2022-03-10 12:58:00,73.42,73.26,73.21,73.47
2022-03-10 12:59:00,73.23,73.36,73.23,73.38
2022-03-10 13:00:00,73.32,73.3,73.3,73.39
2022-03-10 13:01:00,73.6,73.4,73.39,73.6
2022-03-10 13:02:00,73.39,73.26,73.15,73.39
2022-03-10 13:03:00,73.36,73.28,73.28,73.36
2022-03-10 13:04:00,73.15,73.25,73.15,73.25
2022-03-10 13:05:00,73.3,73.3,73.22,73.39
2022-03-10 13:06:00,73.09,73.23,73.07,73.23
2022-03-10 13:07:00,73.08,73.03,73.0,73.08
2022-03-10 13:08:00,73.3,73.02,73.01,73.3
2022-03-10 13:09:00,73.61,73.44,73.44,73.65
2022-03-10 13:10:00,73.69,73.56,73.52,73.69
2022-03-10 13:11:00,73.73,73.58,73.57,73.74
2022-03-10 13:12:00,74.0,73.89,73.89,74.0
2022-03-10 13:13:00,73.86,73.92,73.85,74.04
2022-03-10 13:14:00,73.86,73.92,73.85,74.04
2022-03-10 13:15:00,73.83,73.81,73.81,73.83
2022-03-10 13:16:00,73.67,73.67,73.67,73.67
2022-03-10 13:17:00,73.73,73.604,73.56,73.73
2022-03-10 13:18:00,73.91,73.79,73.79,73.91
2022-03-10 13:19:00,73.87,73.91,73.87,73.91
2022-03-10 13:20:00,73.65,73.85,73.61,73.85
2022-03-10 13:21:00,73.68,73.64,73.64,73.68
2022-03-10 13:22:00,73.85,73.85,73.85,73.85
2022-03-10 13:23:00,73.74,73.74,73.74,73.74
2022-03-10 13:24:00,73.6,73.62,73.6,73.62
2022-03-10 13:25:00,73.6,73.62,73.6,73.62
2022-03-10 13:26:00,73.91,73.87,73.87,73.92
2022-03-10 13:27:00,74.04,74.02,74.02,74.05
2022-03-10 13:28:00,74.05,74.05,74.05,74.05
2022-03-10 13:29:00,74.25,74.0,73.98,74.25
2022-03-10 13:30:00,74.28,74.22,74.21,74.34
2022-03-10 13:31:00,74.28,74.22,74.21,74.34
2022-03-10 13:32:00,74.08,74.08,74.08,74.08
2022-03-10 13:33:00,74.04,74.04,74.04,74.04
2022-03-10 13:34:00,74.1,74.1,74.1,74.1
2022-03-10 13:35:00,73.92,73.92,73.92,73.92
2022-03-10 13:36:00,73.94,73.94,73.94,73.99
2022-03-10 13:37:00,73.98,74.0,73.98,74.0
2022-03-10 13:38:00,73.8,73.8,73.72,73.8
2022-03-10 13:39:00,73.9,73.9,73.9,73.94
2022-03-10 13:40:00,73.96,73.8,73.8,73.96
2022-03-10 13:41:00,73.805,73.81,73.805,73.81
2022-03-10 13:42:00,73.75,73.67,73.67,73.75
2022-03-10 13:43:00,73.8,73.71,73.71,73.8
2022-03-10 13:44:00,73.83,73.84,73.63,73.84
2022-03-10 13:45:00,73.84,73.84,73.84,73.84
2022-03-10 13:46:00,73.87,73.87,73.86,73.87
2022-03-10 13:47:00,74.05,73.9,73.9,74.05
2022-03-10 13:48:00,73.9,73.91,73.9,73.93
2022-03-10 13:49:00,73.9,73.91,73.9,73.93
2022-03-10 13:50:00,73.89,73.79,73.79,73.89
2022-03-10 13:51:00,73.88,73.83,73.83,73.96
2022-03-10 13:52:00,73.88,73.83,73.83,73.96
2022-03-10 13:53:00,73.88,73.83,73.83,73.96
2022-03-10 13:54:00,74.15,73.82,73.82,74.15
2022-03-10 13:55:00,74.02,74.07,74.02,74.07
2022-03-10 13:56:00,74.23,74.23,74.23,74.23
2022-03-10 13:57:00,74.15,74.15,74.15,74.15
2022-03-10 13:58:00,74.14,74.03,74.03,74.15
2022-03-10 13:59:00,74.09,74.09,74.09,74.09
2022-03-10 14:00:00,74.2,74.14,74.14,74.23
2022-03-10 14:01:00,74.11,74.13,74.11,74.15
2022-03-10 14:02:00,74.33,74.24,74.24,74.33
2022-03-10 14:03:00,74.38,74.22,74.2,74.38
2022-03-10 14:04:00,74.23,74.2,74.19,74.23
2022-03-10 14:05:00,74.06,74.06,74.06,74.06
2022-03-10 14:06:00,73.88,73.95,73.86,73.95
2022-03-10 14:07:00,73.93,73.81,73.81,73.93
2022-03-10 14:08:00,73.88,73.88,73.88,73.88
2022-03-10 14:09:00,73.92,73.91,73.91,73.94
2022-03-10 14:10:00,73.78,73.92,73.75,73.92
2022-03-10 14:11:00,73.72,73.62,73.57,73.74
2022-03-10 14:12:00,73.75,73.68,73.68,73.75
2022-03-10 14:13:00,73.84,73.74,73.74,73.84
2022-03-10 14:14:00,73.74,73.74,73.74,73.74
2022-03-10 14:15:00,73.74,73.74,73.74,73.74
2022-03-10 14:16:00,73.57,73.84,73.57,73.87
2022-03-10 14:17:00,73.63,73.51,73.5,73.63
2022-03-10 14:18:00,73.64,73.6,73.6,73.64
2022-03-10 14:19:00,73.71,73.74,73.71,73.74
2022-03-10 14:20:00,73.82,73.744,73.74,73.82
2022-03-10 14:21:00,73.83,73.79,73.77,73.83
2022-03-10 14:22:00,73.79,73.79,73.79,73.79
2022-03-10 14:23:00,73.64,73.65,73.63,73.65
2022-03-10 14:24:00,73.68,73.62,73.62,73.68
2022-03-10 14:25:00,73.7,73.71,73.7,73.71
2022-03-10 14:26:00,73.67,73.67,73.64,73.74
2022-03-10 14:27:00,73.77,73.77,73.77,73.77
2022-03-10 14:28:00,73.59,73.73,73.59,73.74
2022-03-10 14:29:00,73.7,73.67,73.67,73.7
2022-03-10 14:30:00,73.731,73.751,73.71,73.751
2022-03-10 14:31:00,73.72,73.72,73.72,73.72
2022-03-10 14:32:00,73.75,73.67,73.664,73.75
2022-03-10 14:33:00,73.71,73.69,73.69,73.71
2022-03-10 14:34:00,73.69,73.7,73.68,73.7
2022-03-10 14:35:00,73.68,73.69,73.68,73.69
2022-03-10 14:36:00,73.751,73.739,73.7,73.76
2022-03-10 14:37:00,73.81,73.74,73.74,73.82
2022-03-10 14:38:00,73.84,73.85,73.78,73.85
2022-03-10 14:39:00,73.86,73.87,73.86,73.87
2022-03-10 14:40:00,73.75,73.86,73.72,73.86
2022-03-10 14:41:00,73.68,73.74,73.68,73.74
2022-03-10 14:42:00,73.72,73.7,73.7,73.72
2022-03-10 14:43:00,73.76,73.74,73.74,73.78
2022-03-10 14:44:00,73.85,73.82,73.82,73.86
2022-03-10 14:45:00,73.85,73.82,73.82,73.86
2022-03-10 14:46:00,73.91,73.99,73.91,74.0
2022-03-10 14:47:00,73.92,73.94,73.92,73.94
2022-03-10 14:48:00,73.86,73.91,73.85,73.91
2022-03-10 14:49:00,73.8,73.84,73.8,73.85
2022-03-10 14:50:00,73.84,73.74,73.74,73.84
2022-03-10 14:51:00,73.77,73.83,73.75,73.83
2022-03-10 14:52:00,73.71,73.74,73.69,73.78
2022-03-10 14:53:00,73.78,73.7,73.7,73.78
2022-03-10 14:54:00,73.82,73.77,73.77,73.82
2022-03-10 14:55:00,73.82,73.77,73.77,73.82
2022-03-10 14:56:00,73.895,73.92,73.895,73.94
2022-03-10 14:57:00,73.91,73.91,73.91,73.91
2022-03-10 14:58:00,73.87,73.92,73.87,73.92
2022-03-10 14:59:00,73.82,73.95,73.79,73.95
2022-03-10 15:00:00,73.91,73.81,73.81,73.92
2022-03-10 15:01:00,73.92,73.91,73.9,73.97
2022-03-10 15:02:00,73.89,73.85,73.85,73.89
2022-03-10 15:03:00,73.8,73.82,73.8,73.83
2022-03-10 15:04:00,73.8,73.78,73.78,73.8
2022-03-10 15:05:00,73.835,73.78,73.78,73.85
2022-03-10 15:06:00,73.78,73.81,73.77,73.81
2022-03-10 15:07:00,73.75,73.76,73.75,73.76
2022-03-10 15:08:00,73.82,73.76,73.74,73.82
2022-03-10 15:09:00,73.93,73.82,73.82,73.93
2022-03-10 15:10:00,73.9,73.89,73.89,73.9
2022-03-10 15:11:00,73.96,73.92,73.92,73.97
2022-03-10 15:12:00,73.96,73.96,73.96,73.96
2022-03-10 15:13:00,73.95,73.95,73.95,73.95
2022-03-10 15:14:00,73.88,73.89,73.88,73.9
2022-03-10 15:15:00,73.9,73.88,73.88,73.9
2022-03-10 15:16:00,74.01,74.0,74.0,74.02
2022-03-10 15:17:00,73.99,74.02,73.99,74.025
2022-03-10 15:18:00,73.94,73.98,73.93,73.98
2022-03-10 15:19:00,73.89,73.85,73.85,73.94
2022-03-10 15:20:00,73.9,73.88,73.83,73.94
2022-03-10 15:21:00,74.02,73.99,73.99,74.07
2022-03-10 15:22:00,74.01,74.05,74.01,74.05
2022-03-10 15:23:00,74.01,74.01,74.01,74.02
2022-03-10 15:24:00,74.01,74.01,74.01,74.04
2022-03-10 15:25:00,74.07,74.06,74.06,74.09
2022-03-10 15:26:00,74.05,74.06,74.04,74.06
2022-03-10 15:27:00,74.13,74.13,74.13,74.13
2022-03-10 15:28:00,74.17,74.16,74.16,74.19
2022-03-10 15:29:00,74.12,74.08,74.08,74.12
2022-03-10 15:30:00,74.18,74.17,74.17,74.18
2022-03-10 15:31:00,74.19,74.18,74.15,74.19
2022-03-10 15:32:00,74.08,74.15,74.08,74.18
2022-03-10 15:33:00,74.1,74.1,74.08,74.12
2022-03-10 15:34:00,74.1,74.12,74.1,74.12
2022-03-10 15:35:00,74.18,74.17,74.17,74.2
2022-03-10 15:36:00,74.2,74.22,74.19,74.22
2022-03-10 15:37:00,74.21,74.22,74.21,74.22
2022-03-10 15:38:00,74.22,74.23,74.22,74.23
2022-03-10 15:39:00,74.17,74.22,74.17,74.22
2022-03-10 15:40:00,74.18,74.19,74.18,74.19
2022-03-10 15:41:00,74.15,74.18,74.15,74.18
2022-03-10 15:42:00,74.14,74.16,74.14,74.19
2022-03-10 15:43:00,73.98,74.08,73.98,74.08
2022-03-10 15:44:00,74.01,73.97,73.89,74.04
2022-03-10 15:45:00,74.04,74.05,74.04,74.05
2022-03-10 15:46:00,74.04,74.05,74.04,74.05
2022-03-10 15:47:00,73.95,73.97,73.95,73.99
2022-03-10 15:48:00,74.03,73.97,73.97,74.03
2022-03-10 15:49:00,73.96,73.97,73.96,73.98
2022-03-10 15:50:00,73.96,73.97,73.96,73.98
2022-03-10 15:51:00,74.0,73.97,73.97,74.0
2022-03-10 15:52:00,73.96,73.965,73.95,73.97
2022-03-10 15:53:00,73.93,73.95,73.93,73.95
2022-03-10 15:54:00,73.9,73.9,73.9,73.91
2022-03-10 15:55:00,73.89,73.91,73.89,73.93
2022-03-10 15:56:00,73.92,73.9,73.87,73.92
2022-03-10 15:57:00,73.9,73.91,73.87,73.91
2022-03-10 15:58:00,74.0,73.93,73.93,74.01
2022-03-10 15:59:00,74.06,74.01,74.01,74.07
2022-03-10 16:00:00,74.06,74.01,73.99,74.09
2022-03-11 09:31:00,74.692,74.81,74.692,74.83
2022-03-11 09:32:00,74.47,74.66,74.41,74.66
2022-03-11 09:33:00,74.49,74.41,74.34,74.49
2022-03-11 09:34:00,74.55,74.48,74.48,74.57
2022-03-11 09:35:00,74.73,74.61,74.6,74.74
2022-03-11 09:36:00,74.94,74.8,74.8,74.94
2022-03-11 09:37:00,74.99,74.79,74.79,75.0
2022-03-11 09:38:00,75.0,74.95,74.92,75.02
2022-03-11 09:39:00,75.08,75.04,75.03,75.14
2022-03-11 09:40:00,74.98,75.03,74.97,75.14
2022-03-11 09:41:00,75.2,75.2,75.2,75.2
2022-03-11 09:42:00,75.02,75.06,74.94,75.1
2022-03-11 09:43:00,74.9,75.04,74.9,75.04
2022-03-11 09:44:00,75.13,74.91,74.9,75.13
2022-03-11 09:45:00,74.99,74.985,74.98,75.062
2022-03-11 09:46:00,74.69,74.99,74.66,74.99
2022-03-11 09:47:00,74.73,74.71,74.71,74.73
2022-03-11 09:48:00,74.5,74.6,74.5,74.6
2022-03-11 09:49:00,74.48,74.54,74.48,74.54
2022-03-11 09:50:00,74.5,74.49,74.49,74.5
2022-03-11 09:51:00,74.7,74.65,74.65,74.7
2022-03-11 09:52:00,74.54,74.55,74.53,74.56
2022-03-11 09:53:00,74.6,74.62,74.6,74.62
2022-03-11 09:54:00,74.41,74.49,74.41,74.55
2022-03-11 09:55:00,74.48,74.45,74.39,74.55
2022-03-11 09:56:00,74.58,74.52,74.52,74.58
2022-03-11 09:57:00,74.58,74.52,74.52,74.58
2022-03-11 09:58:00,74.75,74.73,74.73,74.75
2022-03-11 09:59:00,74.67,74.78,74.67,74.78
2022-03-11 10:00:00,74.715,74.7,74.64,74.715
2022-03-11 10:01:00,74.48,74.65,74.44,74.65
2022-03-11 10:02:00,74.38,74.44,74.26,74.44
2022-03-11 10:03:00,74.57,74.4,74.4,74.58
2022-03-11 10:04:00,74.55,74.53,74.53,74.66
2022-03-11 10:05:00,74.56,74.6,74.55,74.6
2022-03-11 10:06:00,74.61,74.61,74.61,74.61
2022-03-11 10:07:00,74.92,74.71,74.71,74.92
2022-03-11 10:08:00,75.0,74.94,74.94,75.0
2022-03-11 10:09:00,74.93,75.02,74.93,75.02
2022-03-11 10:10:00,75.2,75.15,75.15,75.2
2022-03-11 10:11:00,75.41,75.16,75.14,75.41
2022-03-11 10:12:00,75.44,75.34,75.31,75.44
2022-03-11 10:13:00,75.34,75.36,75.22,75.37
2022-03-11 10:14:00,75.3,75.39,75.3,75.39
2022-03-11 10:15:00,75.27,75.25,75.21,75.27
2022-03-11 10:16:00,75.44,75.32,75.32,75.44
2022-03-11 10:17:00,75.36,75.36,75.36,75.36
2022-03-11 10:18:00,75.3,75.27,75.25,75.3
2022-03-11 10:19:00,75.18,75.18,75.18,75.18
2022-03-11 10:20:00,75.21,75.09,75.01,75.21
2022-03-11 10:21:00,75.22,75.25,75.22,75.25
2022-03-11 10:22:00,75.09,75.18,75.09,75.18
2022-03-11 10:23:00,75.0,74.94,74.88,75.0
2022-03-11 10:24:00,75.07,74.86,74.86,75.07
2022-03-11 10:25:00,75.18,74.99,74.99,75.21
2022-03-11 10:26:00,75.3,75.23,75.18,75.3
2022-03-11 10:27:00,75.25,75.25,75.25,75.25
2022-03-11 10:28:00,75.24,75.22,75.2,75.24
2022-03-11 10:29:00,75.14,75.22,75.14,75.22
2022-03-11 10:30:00,75.12,75.09,75.07,75.12
2022-03-11 10:31:00,75.23,75.01,75.01,75.23
2022-03-11 10:32:00,75.25,75.25,75.25,75.28
2022-03-11 10:33:00,75.39,75.28,75.28,75.4
2022-03-11 10:34:00,75.41,75.4,75.28,75.41
2022-03-11 10:35:00,75.52,75.43,75.43,75.52
2022-03-11 10:36:00,75.57,75.54,75.54,75.57
2022-03-11 10:37:00,75.53,75.51,75.51,75.53
2022-03-11 10:38:00,75.43,75.46,75.43,75.46
2022-03-11 10:39:00,75.4,75.39,75.39,75.4
2022-03-11 10:40:00,75.4,75.41,75.4,75.42
2022-03-11 10:41:00,75.36,75.36,75.36,75.36
2022-03-11 10:42:00,75.34,75.36,75.34,75.36
2022-03-11 10:43:00,75.47,75.42,75.42,75.47
2022-03-11 10:44:00,75.37,75.34,75.34,75.37
2022-03-11 10:45:00,75.395,75.34,75.31,75.395
2022-03-11 10:46:00,75.43,75.49,75.42,75.49
2022-03-11 10:47:00,75.41,75.42,75.41,75.42
2022-03-11 10:48:00,75.38,75.38,75.38,75.38
2022-03-11 10:49:00,75.38,75.3,75.3,75.38
2022-03-11 10:50:00,75.48,75.43,75.42,75.48
2022-03-11 10:51:00,75.49,75.49,75.44,75.49
2022-03-11 10:52:00,75.49,75.56,75.49,75.56
2022-03-11 10:53:00,75.59,75.49,75.49,75.59
2022-03-11 10:54:00,75.45,75.52,75.45,75.52
2022-03-11 10:55:00,75.505,75.48,75.48,75.505
2022-03-11 10:56:00,75.5,75.44,75.42,75.57
2022-03-11 10:57:00,75.5,75.44,75.42,75.57
2022-03-11 10:58:00,75.71,75.48,75.48,75.724
2022-03-11 10:59:00,75.72,75.68,75.68,75.74
2022-03-11 11:00:00,75.73,75.72,75.7,75.74
2022-03-11 11:01:00,75.82,75.79,75.79,75.88
2022-03-11 11:02:00,75.862,75.81,75.81,75.95
2022-03-11 11:03:00,75.82,75.82,75.82,75.82
2022-03-11 11:04:00,75.82,75.82,75.82,75.82
2022-03-11 11:05:00,75.81,75.81,75.81,75.81
2022-03-11 11:06:00,75.81,75.81,75.81,75.81
2022-03-11 11:07:00,76.0,75.99,75.97,76.0
2022-03-11 11:08:00,75.9,75.84,75.83,75.9
2022-03-11 11:09:00,75.94,75.87,75.8,75.94
2022-03-11 11:10:00,75.82,75.89,75.82,75.89
2022-03-11 11:11:00,75.76,75.76,75.76,75.76
2022-03-11 11:12:00,75.76,75.86,75.76,75.87
2022-03-11 11:13:00,75.581,75.69,75.56,75.69
2022-03-11 11:14:00,75.581,75.69,75.56,75.69
2022-03-11 11:15:00,75.65,75.73,75.65,75.73
2022-03-11 11:16:00,75.65,75.73,75.65,75.73
2022-03-11 11:17:00,75.76,75.76,75.76,75.76
2022-03-11 11:18:00,75.81,75.78,75.77,75.86
2022-03-11 11:19:00,75.88,75.85,75.85,75.88
2022-03-11 11:20:00,75.77,75.75,75.75,75.77
2022-03-11 11:21:00,75.8,75.9,75.8,75.9
2022-03-11 11:22:00,75.72,75.79,75.72,75.79
2022-03-11 11:23:00,75.72,75.79,75.72,75.79
2022-03-11 11:24:00,75.72,75.79,75.72,75.79
2022-03-11 11:25:00,75.702,75.7,75.7,75.702
2022-03-11 11:26:00,75.6,75.43,75.43,75.6
2022-03-11 11:27:00,75.48,75.63,75.48,75.71
2022-03-11 11:28:00,75.69,75.61,75.61,75.69
2022-03-11 11:29:00,75.73,75.72,75.72,75.86
2022-03-11 11:30:00,75.73,75.74,75.73,75.77
2022-03-11 11:31:00,75.74,75.74,75.74,75.74
2022-03-11 11:32:00,75.93,75.93,75.93,75.93
2022-03-11 11:33:00,75.96,75.94,75.94,76.01
2022-03-11 11:34:00,75.97,75.97,75.97,75.97
2022-03-11 11:35:00,75.9,75.9,75.9,75.9
2022-03-11 11:36:00,75.9,75.9,75.9,75.9
2022-03-11 11:37:00,76.14,76.05,76.05,76.14
2022-03-11 11:38:00,76.055,76.15,76.055,76.15
2022-03-11 11:39:00,75.96,75.96,75.96,75.96
2022-03-11 11:40:00,75.9,75.94,75.884,75.94
2022-03-11 11:41:00,75.97,75.97,75.97,75.97
2022-03-11 11:42:00,75.96,76.03,75.96,76.03
2022-03-11 11:43:00,76.08,75.97,75.94,76.25
2022-03-11 11:44:00,75.96,76.2,75.96,76.2
2022-03-11 11:45:00,75.99,76.07,75.98,76.07
2022-03-11 11:46:00,75.91,75.91,75.91,75.91
2022-03-11 11:47:00,75.614,75.78,75.614,75.78
2022-03-11 11:48:00,75.67,75.72,75.67,75.72
2022-03-11 11:49:00,75.86,75.74,75.74,75.86
2022-03-11 11:50:00,75.86,75.74,75.74,75.86
2022-03-11 11:51:00,75.95,75.8,75.8,75.95
2022-03-11 11:52:00,76.03,76.02,75.95,76.03
2022-03-11 11:53:00,75.87,75.87,75.87,75.87
2022-03-11 11:54:00,75.87,75.87,75.87,75.87
2022-03-11 11:55:00,75.87,75.87,75.87,75.87
2022-03-11 11:56:00,75.904,75.904,75.904,75.904
2022-03-11 11:57:00,75.914,75.89,75.89,75.914
2022-03-11 11:58:00,75.491,75.46,75.46,75.5
2022-03-11 11:59:00,75.491,75.46,75.46,75.5
2022-03-11 12:00:00,75.47,75.47,75.47,75.47
2022-03-11 12:01:00,75.53,75.54,75.53,75.54
2022-03-11 12:02:00,75.75,75.63,75.63,75.75
2022-03-11 12:03:00,75.75,75.75,75.75,75.75
2022-03-11 12:04:00,75.75,75.75,75.75,75.75
2022-03-11 12:05:00,75.63,75.63,75.63,75.63
2022-03-11 12:06:00,75.63,75.63,75.63,75.63
2022-03-11 12:07:00,75.6,75.6,75.6,75.6
2022-03-11 12:08:00,75.68,75.72,75.68,75.72
2022-03-11 12:09:00,75.67,75.63,75.63,75.67
2022-03-11 12:10:00,75.78,75.68,75.68,75.78
2022-03-11 12:11:00,75.78,75.68,75.68,75.78
2022-03-11 12:12:00,75.78,75.68,75.68,75.78
2022-03-11 12:13:00,75.81,75.81,75.81,75.81
2022-03-11 12:14:00,75.63,75.74,75.61,75.74
2022-03-11 12:15:00,75.64,75.64,75.64,75.64
2022-03-11 12:16:00,75.71,75.72,75.69,75.72
2022-03-11 12:17:00,75.99,75.76,75.76,75.99
2022-03-11 12:18:00,75.99,75.76,75.76,75.99
2022-03-11 12:19:00,75.99,75.76,75.76,75.99
2022-03-11 12:20:00,76.03,75.99,75.99,76.03
2022-03-11 12:21:00,76.11,76.15,76.11,76.15
2022-03-11 12:22:00,76.11,76.15,76.11,76.15
2022-03-11 12:23:00,76.11,76.15,76.11,76.15
2022-03-11 12:24:00,76.199,76.2,76.196,76.2
2022-03-11 12:25:00,76.06,76.2,76.06,76.2
2022-03-11 12:26:00,76.14,76.15,76.14,76.17
2022-03-11 12:27:00,76.14,76.15,76.14,76.17
2022-03-11 12:28:00,76.2,76.09,76.09,76.2
2022-03-11 12:29:00,76.28,76.26,76.26,76.28
2022-03-11 12:30:00,76.345,76.32,76.32,76.345
2022-03-11 12:31:00,76.36,76.27,76.25,76.39
2022-03-11 12:32:00,76.39,76.4,76.39,76.49
2022-03-11 12:33:00,76.45,76.42,76.42,76.45
2022-03-11 12:34:00,76.37,76.35,76.35,76.37
2022-03-11 12:35:00,76.31,76.31,76.31,76.31
2022-03-11 12:36:00,76.27,76.27,76.27,76.27
2022-03-11 12:37:00,76.27,76.27,76.27,76.27
2022-03-11 12:38:00,76.27,76.27,76.27,76.27
2022-03-11 12:39:00,76.19,76.19,76.19,76.19
2022-03-11 12:40:00,76.19,76.19,76.19,76.19
2022-03-11 12:41:00,76.09,76.09,76.09,76.09
2022-03-11 12:42:00,76.09,76.09,76.09,76.09
2022-03-11 12:43:00,76.0,76.0,76.0,76.0
2022-03-11 12:44:00,76.16,76.16,76.16,76.16
2022-03-11 12:45:00,76.16,76.16,76.16,76.16
2022-03-11 12:46:00,76.11,76.11,76.11,76.11
2022-03-11 12:47:00,76.09,76.08,76.08,76.09
2022-03-11 12:48:00,76.1,76.1,76.1,76.1
2022-03-11 12:49:00,75.94,75.94,75.94,75.94
2022-03-11 12:50:00,75.901,75.9,75.9,75.96
2022-03-11 12:51:00,75.901,75.9,75.9,75.96
2022-03-11 12:52:00,75.78,75.78,75.78,75.78
2022-03-11 12:53:00,75.81,75.81,75.81,75.81
2022-03-11 12:54:00,75.81,75.81,75.81,75.81
2022-03-11 12:55:00,75.81,75.81,75.81,75.81
2022-03-11 12:56:00,75.81,75.81,75.81,75.81
2022-03-11 12:57:00,75.69,75.56,75.56,75.69
2022-03-11 12:58:00,75.71,75.71,75.71,75.71
2022-03-11 12:59:00,75.74,75.74,75.74,75.74
2022-03-11 13:00:00,75.74,75.74,75.74,75.74
2022-03-11 13:01:00,75.74,75.74,75.74,75.74
2022-03-11 13:02:00,75.45,75.66,75.45,75.66
2022-03-11 13:03:00,75.49,75.48,75.48,75.56
2022-03-11 13:04:00,75.51,75.51,75.51,75.51
2022-03-11 13:05:00,75.55,75.54,75.51,75.55
2022-03-11 13:06:00,75.57,75.57,75.57,75.57
2022-03-11 13:07:00,75.69,75.69,75.69,75.69
2022-03-11 13:08:00,75.69,75.69,75.69,75.69
2022-03-11 13:09:00,75.69,75.69,75.69,75.69
2022-03-11 13:10:00,75.56,75.56,75.56,75.56
2022-03-11 13:11:00,75.44,75.46,75.44,75.46
2022-03-11 13:12:00,75.79,75.5,75.5,75.79
2022-03-11 13:13:00,75.79,75.5,75.5,75.79
2022-03-11 13:14:00,75.78,75.87,75.78,75.87
2022-03-11 13:15:00,75.8,75.8,75.8,75.8
2022-03-11 13:16:00,75.78,75.78,75.78,75.78
2022-03-11 13:17:00,75.87,75.87,75.87,75.87
2022-03-11 13:18:00,75.955,75.96,75.88,75.96
2022-03-11 13:19:00,76.08,75.94,75.94,76.08
2022-03-11 13:20:00,75.98,76.095,75.98,76.095
2022-03-11 13:21:00,75.83,75.89,75.81,75.89
2022-03-11 13:22:00,75.83,75.89,75.81,75.89
2022-03-11 13:23:00,75.52,75.49,75.49,75.57
2022-03-11 13:24:00,75.569,75.596,75.569,75.6
2022-03-11 13:25:00,75.57,75.59,75.57,75.59
2022-03-11 13:26:00,75.61,75.61,75.61,75.61
2022-03-11 13:27:00,75.7,75.7,75.7,75.7
2022-03-11 13:28:00,75.73,75.73,75.73,75.73
2022-03-11 13:29:00,75.85,75.85,75.85,75.85
2022-03-11 13:30:00,75.9,75.9,75.9,75.9
2022-03-11 13:31:00,75.88,75.91,75.88,75.91
2022-03-11 13:32:00,75.83,75.911,75.83,75.911
2022-03-11 13:33:00,75.83,75.911,75.83,75.911
2022-03-11 13:34:00,75.83,75.911,75.83,75.911
2022-03-11 13:35:00,75.83,75.911,75.83,75.911
2022-03-11 13:36:00,75.93,75.93,75.93,75.93
2022-03-11 13:37:00,75.93,75.93,75.93,75.93
2022-03-11 13:38:00,75.93,75.93,75.93,75.93
2022-03-11 13:39:00,76.2,76.2,76.2,76.2
2022-03-11 13:40:00,76.33,76.33,76.33,76.33
2022-03-11 13:41:00,76.33,76.33,76.33,76.33
2022-03-11 13:42:00,76.33,76.33,76.33,76.33
2022-03-11 13:43:00,76.16,76.26,76.16,76.27
2022-03-11 13:44:00,76.16,76.26,76.16,76.27
2022-03-11 13:45:00,76.16,76.26,76.16,76.27
2022-03-11 13:46:00,76.18,76.18,76.18,76.18
2022-03-11 13:47:00,76.04,76.03,76.03,76.04
2022-03-11 13:48:00,76.02,76.03,76.02,76.05
2022-03-11 13:49:00,75.91,75.85,75.85,75.91
2022-03-11 13:50:00,75.91,75.85,75.85,75.91
2022-03-11 13:51:00,75.91,75.85,75.85,75.91
2022-03-11 13:52:00,75.91,75.85,75.85,75.91
2022-03-11 13:53:00,75.91,75.85,75.85,75.91
2022-03-11 13:54:00,75.73,75.73,75.73,75.73
2022-03-11 13:55:00,75.85,75.85,75.85,75.85
2022-03-11 13:56:00,75.89,75.89,75.89,75.89
2022-03-11 13:57:00,75.95,75.95,75.95,75.95
2022-03-11 13:58:00,75.95,75.95,75.95,75.95
2022-03-11 13:59:00,76.06,76.05,76.05,76.06
2022-03-11 14:00:00,76.0,76.0,76.0,76.0
2022-03-11 14:01:00,75.96,75.96,75.96,75.96
2022-03-11 14:02:00,75.96,75.96,75.96,75.96
2022-03-11 14:03:00,76.08,76.024,76.021,76.08
2022-03-11 14:04:00,76.14,76.14,76.14,76.14
2022-03-11 14:05:00,76.2,76.1,76.07,76.2
2022-03-11 14:06:00,75.99,76.16,75.99,76.19
2022-03-11 14:07:00,75.96,75.98,75.96,75.98
2022-03-11 14:08:00,75.9,75.9,75.9,75.9
2022-03-11 14:09:00,75.9,75.9,75.9,75.9
2022-03-11 14:10:00,75.94,75.95,75.92,75.95
2022-03-11 14:11:00,75.94,75.95,75.92,75.95
2022-03-11 14:12:00,76.0,75.91,75.91,76.07
2022-03-11 14:13:00,76.0,75.91,75.91,76.07
2022-03-11 14:14:00,76.0,75.91,75.91,76.07
2022-03-11 14:15:00,76.2,76.19,76.19,76.24
2022-03-11 14:16:00,76.2,76.19,76.19,76.24
2022-03-11 14:17:00,76.23,76.23,76.23,76.23
2022-03-11 14:18:00,76.2,76.2,76.2,76.2
2022-03-11 14:19:00,76.28,76.31,76.27,76.31
2022-03-11 14:20:00,76.27,76.39,76.27,76.39
2022-03-11 14:21:00,76.25,76.34,76.21,76.34
2022-03-11 14:22:00,76.22,76.22,76.22,76.22
2022-03-11 14:23:00,76.21,76.3,76.21,76.3
2022-03-11 14:24:00,76.36,76.4,76.36,76.4
2022-03-11 14:25:00,76.35,76.43,76.35,76.43
2022-03-11 14:26:00,76.1,76.35,76.1,76.35
2022-03-11 14:27:00,76.33,76.13,76.13,76.33
2022-03-11 14:28:00,76.35,76.3,76.3,76.405
2022-03-11 14:29:00,76.45,76.45,76.44,76.48
2022-03-11 14:30:00,76.44,76.45,76.4,76.49
2022-03-11 14:31:00,76.39,76.43,76.38,76.43
2022-03-11 14:32:00,76.369,76.369,76.369,76.369
2022-03-11 14:33:00,76.33,76.37,76.33,76.38
2022-03-11 14:34:00,76.5,76.375,76.375,76.55
2022-03-11 14:35:00,76.49,76.51,76.49,76.51
2022-03-11 14:36:00,76.35,76.54,76.35,76.54
2022-03-11 14:37:00,76.33,76.33,76.33,76.35
2022-03-11 14:38:00,76.47,76.42,76.42,76.47
2022-03-11 14:39:00,76.34,76.44,76.34,76.44
2022-03-11 14:40:00,76.38,76.38,76.38,76.38
2022-03-11 14:41:00,76.38,76.33,76.33,76.38
2022-03-11 14:42:00,76.38,76.33,76.33,76.38
2022-03-11 14:43:00,76.38,76.33,76.33,76.38
2022-03-11 14:44:00,76.38,76.33,76.33,76.38
2022-03-11 14:45:00,76.43,76.43,76.43,76.43
2022-03-11 14:46:00,76.42,76.45,76.42,76.45
2022-03-11 14:47:00,76.46,76.46,76.46,76.46
2022-03-11 14:48:00,76.46,76.46,76.46,76.46
2022-03-11 14:49:00,76.445,76.47,76.445,76.47
2022-03-11 14:50:00,76.445,76.47,76.445,76.47
2022-03-11 14:51:00,76.48,76.48,76.48,76.48
2022-03-11 14:52:00,76.465,76.465,76.465,76.465
2022-03-11 14:53:00,76.465,76.465,76.465,76.465
2022-03-11 14:54:00,76.5,76.5,76.5,76.5
2022-03-11 14:55:00,76.53,76.53,76.53,76.53
2022-03-11 14:56:00,76.51,76.54,76.51,76.54
2022-03-11 14:57:00,76.36,76.36,76.36,76.36
2022-03-11 14:58:00,76.23,76.28,76.23,76.28
2022-03-11 14:59:00,76.27,76.27,76.27,76.27
2022-03-11 15:00:00,76.27,76.27,76.27,76.27
2022-03-11 15:01:00,76.36,76.36,76.36,76.36
2022-03-11 15:02:00,76.36,76.36,76.36,76.36
2022-03-11 15:03:00,76.34,76.4,76.33,76.41
2022-03-11 15:04:00,76.34,76.4,76.33,76.41
2022-03-11 15:05:00,76.42,76.43,76.42,76.44
2022-03-11 15:06:00,76.47,76.44,76.44,76.47
2022-03-11 15:07:00,76.48,76.476,76.476,76.48
2022-03-11 15:08:00,76.5,76.48,76.48,76.5
2022-03-11 15:09:00,76.42,76.45,76.41,76.45
2022-03-11 15:10:00,76.4,76.42,76.4,76.43
2022-03-11 15:11:00,76.4,76.4,76.4,76.4
2022-03-11 15:12:00,76.4,76.4,76.4,76.4
2022-03-11 15:13:00,76.4,76.4,76.4,76.4
2022-03-11 15:14:00,76.42,76.42,76.42,76.42
2022-03-11 15:15:00,76.42,76.42,76.42,76.42
2022-03-11 15:16:00,76.425,76.425,76.425,76.425
2022-03-11 15:17:00,76.425,76.425,76.425,76.425
2022-03-11 15:18:00,76.425,76.425,76.425,76.425
2022-03-11 15:19:00,76.425,76.425,76.425,76.425
2022-03-11 15:20:00,76.43,76.43,76.43,76.43
2022-03-11 15:21:00,76.45,76.42,76.42,76.45
2022-03-11 15:22:00,76.44,76.42,76.42,76.44
2022-03-11 15:23:00,76.46,76.45,76.45,76.46
2022-03-11 15:24:00,76.5,76.5,76.48,76.5
2022-03-11 15:25:00,76.5,76.5,76.48,76.5
2022-03-11 15:26:00,76.48,76.48,76.48,76.49
2022-03-11 15:27:00,76.41,76.5,76.41,76.5
2022-03-11 15:28:00,76.4,76.4,76.4,76.4
2022-03-11 15:29:00,76.475,76.48,76.475,76.48
2022-03-11 15:30:00,76.5,76.48,76.48,76.5
2022-03-11 15:31:00,76.44,76.5,76.44,76.5
2022-03-11 15:32:00,76.45,76.43,76.4,76.45
2022-03-11 15:33:00,76.42,76.42,76.42,76.42
2022-03-11 15:34:00,76.42,76.44,76.415,76.44
2022-03-11 15:35:00,76.44,76.43,76.43,76.46
2022-03-11 15:36:00,76.42,76.44,76.42,76.44
2022-03-11 15:37:00,76.44,76.44,76.44,76.44
2022-03-11 15:38:00,76.35,76.41,76.35,76.42
2022-03-11 15:39:00,76.455,76.43,76.42,76.46
2022-03-11 15:40:00,76.46,76.43,76.43,76.46
2022-03-11 15:41:00,76.39,76.44,76.18,76.44
2022-03-11 15:42:00,76.39,76.34,76.34,76.39
2022-03-11 15:43:00,76.351,76.41,76.351,76.41
2022-03-11 15:44:00,76.4,76.34,76.34,76.4
2022-03-11 15:45:00,76.38,76.38,76.38,76.38
2022-03-11 15:46:00,76.39,76.38,76.38,76.4
2022-03-11 15:47:00,76.38,76.38,76.37,76.4
2022-03-11 15:48:00,76.38,76.35,76.35,76.38
2022-03-11 15:49:00,76.36,76.38,76.35,76.385
2022-03-11 15:50:00,76.44,76.38,76.38,76.47
2022-03-11 15:51:00,76.42,76.43,76.38,76.45
2022-03-11 15:52:00,76.39,76.39,76.37,76.39
2022-03-11 15:53:00,76.35,76.39,76.32,76.41
2022-03-11 15:54:00,76.36,76.37,76.35,76.37
2022-03-11 15:55:00,76.37,76.37,76.35,76.38
2022-03-11 15:56:00,76.35,76.365,76.35,76.4
2022-03-11 15:57:00,76.39,76.35,76.32,76.39
2022-03-11 15:58:00,76.43,76.36,76.36,76.43
2022-03-11 15:59:00,76.41,76.45,76.41,76.47
2022-03-11 16:00:00,76.4,76.39,76.35,76.435
2022-03-14 09:31:00,73.5,73.53,73.43,73.54
2022-03-14 09:32:00,73.33,73.48,73.31,73.48
2022-03-14 09:33:00,73.311,73.34,73.26,73.34
2022-03-14 09:34:00,73.2,73.31,73.18,73.33
2022-03-14 09:35:00,73.05,73.18,73.05,73.2
2022-03-14 09:36:00,72.99,73.07,72.88,73.07
2022-03-14 09:37:00,73.151,73.03,73.02,73.17
2022-03-14 09:38:00,73.16,73.17,73.14,73.17
2022-03-14 09:39:00,73.1,73.081,73.07,73.14
2022-03-14 09:40:00,72.76,72.781,72.75,72.781
2022-03-14 09:41:00,72.91,72.87,72.87,72.91
2022-03-14 09:42:00,72.73,72.87,72.73,72.87
2022-03-14 09:43:00,72.84,72.7,72.7,72.85
2022-03-14 09:44:00,72.94,72.8,72.79,72.94
2022-03-14 09:45:00,72.92,72.99,72.84,72.99
2022-03-14 09:46:00,72.78,72.84,72.78,72.93
2022-03-14 09:47:00,72.7,72.77,72.64,72.77
2022-03-14 09:48:00,72.71,72.65,72.64,72.76
2022-03-14 09:49:00,72.79,72.74,72.73,72.81
2022-03-14 09:50:00,72.53,72.8,72.45,72.85
2022-03-14 09:51:00,72.53,72.51,72.48,72.55
2022-03-14 09:52:00,72.63,72.62,72.48,72.93
2022-03-14 09:53:00,72.351,72.7,72.351,72.7
2022-03-14 09:54:00,72.46,72.42,72.42,72.55
2022-03-14 09:55:00,72.37,72.41,72.33,72.42
2022-03-14 09:56:00,72.31,72.4,72.18,72.47
2022-03-14 09:57:00,72.38,72.34,72.23,72.38
2022-03-14 09:58:00,72.48,72.44,72.4,72.53
2022-03-14 09:59:00,72.57,72.57,72.57,72.57
2022-03-14 10:00:00,72.6,72.55,72.54,72.64
2022-03-14 10:01:00,72.6,72.55,72.55,72.62
2022-03-14 10:02:00,72.58,72.56,72.49,72.63
2022-03-14 10:03:00,72.65,72.6,72.6,72.7
2022-03-14 10:04:00,72.73,72.63,72.63,72.75
2022-03-14 10:05:00,72.65,72.66,72.65,72.76
2022-03-14 10:06:00,72.51,72.67,72.51,72.67
2022-03-14 10:07:00,72.35,72.45,72.35,72.46
2022-03-14 10:08:00,71.88,72.335,71.78,72.335
2022-03-14 10:09:00,71.955,71.95,71.8,71.96
2022-03-14 10:10:00,72.11,71.89,71.89,72.12
2022-03-14 10:11:00,71.95,72.04,71.92,72.05
2022-03-14 10:12:00,71.85,71.96,71.83,72.0
2022-03-14 10:13:00,71.81,71.93,71.73,72.0
2022-03-14 10:14:00,71.72,71.82,71.54,71.83
2022-03-14 10:15:00,71.68,71.76,71.65,71.8
2022-03-14 10:16:00,71.78,71.7,71.67,71.83
2022-03-14 10:17:00,71.8,71.84,71.8,71.845
2022-03-14 10:18:00,71.88,71.88,71.88,71.88
2022-03-14 10:19:00,71.68,71.68,71.68,71.68
2022-03-14 10:20:00,72.01,71.69,71.65,72.01
2022-03-14 10:21:00,72.1,72.12,72.03,72.13
2022-03-14 10:22:00,72.11,72.0,72.0,72.11
2022-03-14 10:23:00,72.29,72.19,72.19,72.3
2022-03-14 10:24:00,72.29,72.24,72.24,72.33
2022-03-14 10:25:00,72.32,72.3,72.25,72.32
2022-03-14 10:26:00,72.23,72.335,72.22,72.34
2022-03-14 10:27:00,72.21,72.29,72.21,72.29
2022-03-14 10:28:00,72.35,72.32,72.29,72.36
2022-03-14 10:29:00,72.69,72.49,72.49,72.71
2022-03-14 10:30:00,72.47,72.644,72.47,72.644
2022-03-14 10:31:00,72.55,72.5,72.5,72.55
2022-03-14 10:32:00,72.52,72.5,72.5,72.52
2022-03-14 10:33:00,72.56,72.55,72.55,72.56
2022-03-14 10:34:00,72.41,72.49,72.41,72.5
2022-03-14 10:35:00,72.3,72.34,72.28,72.34
2022-03-14 10:36:00,72.3,72.27,72.27,72.35
2022-03-14 10:37:00,72.27,72.37,72.27,72.37
2022-03-14 10:38:00,72.23,72.25,72.23,72.26
2022-03-14 10:39:00,72.14,72.3,72.14,72.3
2022-03-14 10:40:00,72.1,72.1,72.09,72.1
2022-03-14 10:41:00,71.95,72.05,71.92,72.08
2022-03-14 10:42:00,71.9,71.96,71.9,71.96
2022-03-14 10:43:00,71.92,71.871,71.85,71.92
2022-03-14 10:44:00,71.98,71.96,71.945,71.98
2022-03-14 10:45:00,71.98,71.96,71.945,71.98
2022-03-14 10:46:00,71.86,71.91,71.86,71.91
2022-03-14 10:47:00,71.47,71.86,71.47,71.86
2022-03-14 10:48:00,71.58,71.54,71.54,71.76
2022-03-14 10:49:00,71.8,71.51,71.51,71.8
2022-03-14 10:50:00,71.73,71.76,71.73,71.77
2022-03-14 10:51:00,71.82,71.78,71.75,71.82
2022-03-14 10:52:00,71.84,71.86,71.825,71.86
2022-03-14 10:53:00,71.96,71.85,71.85,71.96
2022-03-14 10:54:00,72.1,72.08,72.08,72.1
2022-03-14 10:55:00,71.73,71.99,71.73,71.99
2022-03-14 10:56:00,71.71,71.73,71.71,71.73
2022-03-14 10:57:00,71.69,71.72,71.68,71.72
2022-03-14 10:58:00,71.69,71.72,71.68,71.72
2022-03-14 10:59:00,71.69,71.72,71.68,71.72
2022-03-14 11:00:00,71.95,71.82,71.82,71.95
2022-03-14 11:01:00,71.86,71.9,71.86,71.97
2022-03-14 11:02:00,71.76,71.84,71.76,71.84
2022-03-14 11:03:00,71.71,71.79,71.71,71.79
2022-03-14 11:04:00,71.66,71.64,71.64,71.67
2022-03-14 11:05:00,71.64,71.72,71.64,71.72
2022-03-14 11:06:00,71.61,71.62,71.58,71.64
2022-03-14 11:07:00,71.55,71.59,71.55,71.67
2022-03-14 11:08:00,71.82,71.7,71.7,71.84
2022-03-14 11:09:00,71.84,71.81,71.79,71.85
2022-03-14 11:10:00,71.83,71.83,71.83,71.83
2022-03-14 11:11:00,71.99,71.94,71.94,71.99
2022-03-14 11:12:00,72.01,72.01,72.01,72.01
2022-03-14 11:13:00,72.05,71.9,71.9,72.08
2022-03-14 11:14:00,72.13,72.1,72.1,72.13
2022-03-14 11:15:00,72.22,72.25,72.19,72.265
2022-03-14 11:16:00,72.09,72.21,72.09,72.21
2022-03-14 11:17:00,72.1,72.11,72.0,72.11
2022-03-14 11:18:00,72.07,72.065,72.065,72.125
2022-03-14 11:19:00,72.21,72.14,72.121,72.21
2022-03-14 11:20:00,72.25,72.22,72.21,72.25
2022-03-14 11:21:00,72.25,72.19,72.17,72.25
2022-03-14 11:22:00,72.23,72.25,72.2,72.29
2022-03-14 11:23:00,72.26,72.185,72.17,72.27
2022-03-14 11:24:00,72.28,72.26,72.26,72.3
2022-03-14 11:25:00,72.31,72.3,72.3,72.32
2022-03-14 11:26:00,72.33,72.3,72.3,72.34
2022-03-14 11:27:00,72.25,72.24,72.2,72.31
2022-03-14 11:28:00,72.141,72.26,72.14,72.26
2022-03-14 11:29:00,72.12,72.15,72.12,72.15
2022-03-14 11:30:00,72.09,72.09,72.09,72.09
2022-03-14 11:31:00,72.07,72.05,72.01,72.07
2022-03-14 11:32:00,72.3,72.3,72.3,72.3
2022-03-14 11:33:00,72.32,72.335,72.32,72.335
2022-03-14 11:34:00,72.34,72.44,72.34,72.44
2022-03-14 11:35:00,72.18,72.33,72.18,72.33
2022-03-14 11:36:00,72.14,72.12,72.11,72.14
2022-03-14 11:37:00,72.08,72.1,72.08,72.1
2022-03-14 11:38:00,72.07,72.07,72.07,72.07
2022-03-14 11:39:00,72.04,72.08,72.04,72.09
2022-03-14 11:40:00,72.04,72.08,72.04,72.09
2022-03-14 11:41:00,72.39,72.39,72.38,72.39
2022-03-14 11:42:00,72.38,72.41,72.36,72.41
2022-03-14 11:43:00,72.38,72.29,72.29,72.38
2022-03-14 11:44:00,72.39,72.39,72.39,72.39
2022-03-14 11:45:00,72.44,72.43,72.43,72.44
2022-03-14 11:46:00,72.49,72.505,72.49,72.505
2022-03-14 11:47:00,72.6,72.528,72.52,72.6
2022-03-14 11:48:00,72.65,72.63,72.63,72.65
2022-03-14 11:49:00,72.62,72.67,72.61,72.7
2022-03-14 11:50:00,72.58,72.65,72.58,72.65
2022-03-14 11:51:00,72.64,72.595,72.595,72.68
2022-03-14 11:52:00,72.51,72.64,72.51,72.64
2022-03-14 11:53:00,72.46,72.47,72.46,72.47
2022-03-14 11:54:00,72.42,72.47,72.39,72.47
2022-03-14 11:55:00,72.4,72.4,72.4,72.4
2022-03-14 11:56:00,72.44,72.43,72.43,72.44
2022-03-14 11:57:00,72.505,72.43,72.43,72.505
2022-03-14 11:58:00,72.505,72.43,72.43,72.505
2022-03-14 11:59:00,72.21,72.49,72.21,72.49
2022-03-14 12:00:00,72.35,72.23,72.23,72.35
2022-03-14 12:01:00,72.37,72.33,72.33,72.39
2022-03-14 12:02:00,72.23,72.32,72.23,72.32
2022-03-14 12:03:00,72.23,72.14,72.05,72.23
2022-03-14 12:04:00,72.23,72.23,72.23,72.23
2022-03-14 12:05:00,72.31,72.35,72.31,72.35
2022-03-14 12:06:00,72.37,72.37,72.37,72.37
2022-03-14 12:07:00,72.48,72.45,72.42,72.5
2022-03-14 12:08:00,72.5,72.46,72.46,72.5
2022-03-14 12:09:00,72.37,72.4,72.37,72.44
2022-03-14 12:10:00,72.36,72.36,72.36,72.36
2022-03-14 12:11:00,72.4,72.465,72.4,72.465
2022-03-14 12:12:00,72.46,72.45,72.43,72.46
2022-03-14 12:13:00,72.53,72.48,72.43,72.53
2022-03-14 12:14:00,72.49,72.49,72.49,72.49
2022-03-14 12:15:00,72.52,72.52,72.52,72.52
2022-03-14 12:16:00,72.465,72.465,72.465,72.465
2022-03-14 12:17:00,72.54,72.54,72.54,72.54
2022-03-14 12:18:00,72.6,72.59,72.59,72.6
2022-03-14 12:19:00,72.64,72.59,72.59,72.65
2022-03-14 12:20:00,72.51,72.59,72.5,72.59
2022-03-14 12:21:00,72.49,72.48,72.44,72.49
2022-03-14 12:22:00,72.46,72.46,72.45,72.46
2022-03-14 12:23:00,72.44,72.44,72.44,72.44
2022-03-14 12:24:00,72.29,72.48,72.28,72.48
2022-03-14 12:25:00,72.1,72.2,72.1,72.2
2022-03-14 12:26:00,72.05,72.06,72.05,72.12
2022-03-14 12:27:00,72.15,72.15,72.1,72.15
2022-03-14 12:28:00,72.21,72.19,72.19,72.27
2022-03-14 12:29:00,72.245,72.3,72.245,72.3
2022-03-14 12:30:00,72.48,72.44,72.44,72.48
2022-03-14 12:31:00,72.34,72.34,72.34,72.34
2022-03-14 12:32:00,72.29,72.41,72.29,72.41
2022-03-14 12:33:00,72.29,72.29,72.29,72.29
2022-03-14 12:34:00,72.44,72.36,72.36,72.44
2022-03-14 12:35:00,72.49,72.46,72.44,72.49
2022-03-14 12:36:00,72.45,72.45,72.45,72.47
2022-03-14 12:37:00,72.51,72.55,72.49,72.55
2022-03-14 12:38:00,72.57,72.52,72.52,72.57
2022-03-14 12:39:00,72.57,72.52,72.52,72.57
2022-03-14 12:40:00,72.54,72.51,72.51,72.55
2022-03-14 12:41:00,72.54,72.51,72.51,72.55
2022-03-14 12:42:00,72.41,72.41,72.41,72.41
2022-03-14 12:43:00,72.54,72.545,72.54,72.545
2022-03-14 12:44:00,72.46,72.46,72.46,72.46
2022-03-14 12:45:00,72.57,72.54,72.53,72.57
2022-03-14 12:46:00,72.57,72.54,72.53,72.57
2022-03-14 12:47:00,72.7,72.64,72.63,72.7
2022-03-14 12:48:00,72.7,72.64,72.63,72.7
2022-03-14 12:49:00,72.66,72.65,72.62,72.66
2022-03-14 12:50:00,72.55,72.64,72.55,72.64
2022-03-14 12:51:00,72.55,72.59,72.55,72.59
2022-03-14 12:52:00,72.69,72.7,72.69,72.7
2022-03-14 12:53:00,72.62,72.67,72.6,72.67
2022-03-14 12:54:00,72.62,72.65,72.62,72.65
2022-03-14 12:55:00,72.62,72.65,72.62,72.65
2022-03-14 12:56:00,72.5,72.39,72.39,72.5
2022-03-14 12:57:00,72.53,72.52,72.52,72.53
2022-03-14 12:58:00,72.52,72.57,72.52,72.57
2022-03-14 12:59:00,72.4,72.42,72.4,72.42
2022-03-14 13:00:00,72.47,72.5,72.47,72.5
2022-03-14 13:01:00,72.47,72.5,72.47,72.5
2022-03-14 13:02:00,72.485,72.485,72.485,72.485
2022-03-14 13:03:00,72.48,72.48,72.48,72.48
2022-03-14 13:04:00,72.485,72.49,72.485,72.5
2022-03-14 13:05:00,72.5,72.5,72.5,72.5
2022-03-14 13:06:00,72.43,72.48,72.43,72.48
2022-03-14 13:07:00,72.51,72.52,72.51,72.52
2022-03-14 13:08:00,72.54,72.54,72.54,72.54
2022-03-14 13:09:00,72.47,72.45,72.45,72.47
2022-03-14 13:10:00,72.63,72.521,72.521,72.63
2022-03-14 13:11:00,72.67,72.67,72.67,72.67
2022-03-14 13:12:00,72.63,72.64,72.63,72.64
2022-03-14 13:13:00,72.6,72.6,72.6,72.6
2022-03-14 13:14:00,72.65,72.65,72.65,72.65
2022-03-14 13:15:00,72.67,72.65,72.65,72.67
2022-03-14 13:16:00,72.76,72.66,72.66,72.76
2022-03-14 13:17:00,72.73,72.76,72.73,72.76
2022-03-14 13:18:00,72.811,72.8,72.8,72.82
2022-03-14 13:19:00,72.88,72.83,72.83,72.97
2022-03-14 13:20:00,72.89,72.88,72.88,72.914
2022-03-14 13:21:00,72.94,72.93,72.925,72.96
2022-03-14 13:22:00,72.89,72.9,72.89,72.9
2022-03-14 13:23:00,72.85,72.89,72.85,72.894
2022-03-14 13:24:00,72.87,72.9,72.87,72.9
2022-03-14 13:25:00,72.94,72.94,72.94,72.96
2022-03-14 13:26:00,72.91,72.93,72.87,72.93
2022-03-14 13:27:00,72.92,72.9,72.88,72.92
2022-03-14 13:28:00,72.93,72.9,72.9,72.93
2022-03-14 13:29:00,72.94,72.94,72.94,72.94
2022-03-14 13:30:00,72.86,72.91,72.86,72.91
2022-03-14 13:31:00,72.86,72.91,72.86,72.91
2022-03-14 13:32:00,73.0,72.95,72.941,73.02
2022-03-14 13:33:00,73.06,73.04,73.04,73.06
2022-03-14 13:34:00,73.04,73.07,73.04,73.07
2022-03-14 13:35:00,73.0,73.0,72.99,73.07
2022-03-14 13:36:00,73.04,73.04,72.99,73.04
2022-03-14 13:37:00,73.07,73.09,73.06,73.09
2022-03-14 13:38:00,73.085,73.04,73.04,73.085
2022-03-14 13:39:00,73.04,73.04,73.04,73.04
2022-03-14 13:40:00,73.02,73.11,73.02,73.11
2022-03-14 13:41:00,73.08,72.98,72.98,73.095
2022-03-14 13:42:00,72.79,73.06,72.79,73.06
2022-03-14 13:43:00,72.85,72.85,72.85,72.85
2022-03-14 13:44:00,72.88,72.87,72.86,72.88
2022-03-14 13:45:00,72.82,72.83,72.81,72.83
2022-03-14 13:46:00,72.52,72.8,72.47,72.8
2022-03-14 13:47:00,72.56,72.52,72.35,72.56
2022-03-14 13:48:00,72.43,72.56,72.43,72.56
2022-03-14 13:49:00,72.52,72.46,72.46,72.52
2022-03-14 13:50:00,72.63,72.46,72.46,72.63
2022-03-14 13:51:00,72.56,72.64,72.54,72.64
2022-03-14 13:52:00,72.72,72.6,72.6,72.75
2022-03-14 13:53:00,72.6,72.6,72.57,72.6
2022-03-14 13:54:00,72.43,72.56,72.35,72.56
2022-03-14 13:55:00,72.25,72.41,72.25,72.41
2022-03-14 13:56:00,72.16,72.19,72.16,72.25
2022-03-14 13:57:00,72.13,72.11,72.02,72.15
2022-03-14 13:58:00,72.28,72.18,72.18,72.37
2022-03-14 13:59:00,72.34,72.37,72.34,72.43
2022-03-14 14:00:00,72.35,72.4,72.35,72.4
2022-03-14 14:01:00,72.49,72.49,72.48,72.49
2022-03-14 14:02:00,72.49,72.49,72.49,72.49
2022-03-14 14:03:00,72.44,72.45,72.37,72.45
2022-03-14 14:04:00,72.41,72.49,72.38,72.49
2022-03-14 14:05:00,72.31,72.32,72.31,72.32
2022-03-14 14:06:00,72.23,72.26,72.18,72.29
2022-03-14 14:07:00,72.3,72.3,72.3,72.3
2022-03-14 14:08:00,72.3,72.25,72.25,72.33
2022-03-14 14:09:00,72.29,72.34,72.29,72.35
2022-03-14 14:10:00,72.23,72.3,72.21,72.3
2022-03-14 14:11:00,72.43,72.42,72.39,72.44
2022-03-14 14:12:00,72.42,72.45,72.42,72.45
2022-03-14 14:13:00,72.35,72.46,72.35,72.46
2022-03-14 14:14:00,72.38,72.38,72.38,72.38
2022-03-14 14:15:00,72.3,72.3,72.3,72.3
2022-03-14 14:16:00,72.57,72.32,72.32,72.57
2022-03-14 14:17:00,72.5,72.51,72.454,72.51
2022-03-14 14:18:00,72.66,72.65,72.65,72.66
2022-03-14 14:19:00,72.68,72.65,72.65,72.68
2022-03-14 14:20:00,72.65,72.65,72.65,72.65
2022-03-14 14:21:00,72.75,72.6,72.6,72.75
2022-03-14 14:22:00,72.86,72.88,72.86,72.89
2022-03-14 14:23:00,72.9,72.9,72.9,72.9
2022-03-14 14:24:00,73.05,72.98,72.94,73.05
2022-03-14 14:25:00,72.9,72.99,72.9,73.0
2022-03-14 14:26:00,73.07,72.92,72.82,73.07
2022-03-14 14:27:00,72.99,73.01,72.99,73.01
2022-03-14 14:28:00,72.86,72.86,72.86,72.86
2022-03-14 14:29:00,72.955,73.01,72.955,73.17
2022-03-14 14:30:00,72.91,72.95,72.9,72.95
2022-03-14 14:31:00,72.84,73.03,72.84,73.03
2022-03-14 14:32:00,72.86,72.86,72.86,72.86
2022-03-14 14:33:00,72.87,72.88,72.87,72.88
2022-03-14 14:34:00,72.71,72.76,72.71,72.76
2022-03-14 14:35:00,72.6,72.71,72.58,72.71
2022-03-14 14:36:00,72.58,72.6,72.58,72.6
2022-03-14 14:37:00,72.61,72.63,72.61,72.63
2022-03-14 14:38:00,72.61,72.63,72.61,72.63
2022-03-14 14:39:00,72.61,72.63,72.61,72.63
2022-03-14 14:40:00,72.43,72.56,72.39,72.56
2022-03-14 14:41:00,72.461,72.34,72.33,72.51
2022-03-14 14:42:00,72.461,72.34,72.33,72.51
2022-03-14 14:43:00,72.47,72.51,72.47,72.51
2022-03-14 14:44:00,72.44,72.49,72.44,72.5
2022-03-14 14:45:00,72.44,72.44,72.44,72.44
2022-03-14 14:46:00,72.44,72.44,72.44,72.44
2022-03-14 14:47:00,72.44,72.44,72.44,72.44
2022-03-14 14:48:00,72.44,72.44,72.44,72.44
2022-03-14 14:49:00,72.4,72.36,72.35,72.42
2022-03-14 14:50:00,72.37,72.45,72.37,72.45
2022-03-14 14:51:00,72.29,72.35,72.21,72.37
2022-03-14 14:52:00,72.25,72.28,72.24,72.28
2022-03-14 14:53:00,72.15,72.22,72.15,72.22
2022-03-14 14:54:00,72.18,72.14,72.14,72.21
2022-03-14 14:55:00,72.03,72.19,72.03,72.19
2022-03-14 14:56:00,72.1,72.02,71.98,72.1
2022-03-14 14:57:00,72.08,72.1,72.08,72.1
2022-03-14 14:58:00,71.91,71.89,71.86,71.91
2022-03-14 14:59:00,72.1,71.9,71.9,72.1
2022-03-14 15:00:00,72.13,72.17,72.13,72.17
2022-03-14 15:01:00,72.13,72.17,72.13,72.17
2022-03-14 15:02:00,72.08,72.08,72.08,72.08
2022-03-14 15:03:00,72.071,72.08,72.07,72.08
2022-03-14 15:04:00,72.12,72.12,72.12,72.12
2022-03-14 15:05:00,72.11,72.1,72.1,72.11
2022-03-14 15:06:00,72.15,72.13,72.101,72.15
2022-03-14 15:07:00,72.101,72.101,72.101,72.101
2022-03-14 15:08:00,72.15,72.13,72.13,72.15
2022-03-14 15:09:00,72.15,72.13,72.13,72.15
2022-03-14 15:10:00,72.25,72.241,72.241,72.25
2022-03-14 15:11:00,72.19,72.19,72.19,72.19
2022-03-14 15:12:00,72.19,72.19,72.19,72.19
2022-03-14 15:13:00,72.16,72.16,72.15,72.17
2022-03-14 15:14:00,72.14,72.12,72.12,72.14
2022-03-14 15:15:00,72.19,72.13,72.13,72.19
2022-03-14 15:16:00,72.17,72.17,72.17,72.17
2022-03-14 15:17:00,72.24,72.21,72.21,72.26
2022-03-14 15:18:00,72.22,72.24,72.22,72.24
2022-03-14 15:19:00,72.171,72.14,72.14,72.171
2022-03-14 15:20:00,72.33,72.32,72.32,72.33
2022-03-14 15:21:00,72.34,72.34,72.34,72.34
2022-03-14 15:22:00,72.34,72.34,72.34,72.34
2022-03-14 15:23:00,72.34,72.34,72.34,72.34
2022-03-14 15:24:00,72.28,72.281,72.28,72.3
2022-03-14 15:25:00,72.28,72.281,72.28,72.3
2022-03-14 15:26:00,72.281,72.284,72.281,72.284
2022-03-14 15:27:00,72.281,72.284,72.281,72.284
2022-03-14 15:28:00,72.274,72.27,72.27,72.274
2022-03-14 15:29:00,72.274,72.27,72.27,72.274
2022-03-14 15:30:00,72.17,72.17,72.17,72.17
2022-03-14 15:31:00,72.101,72.1,72.1,72.101
2022-03-14 15:32:00,72.12,72.1,72.1,72.12
2022-03-14 15:33:00,72.32,72.3,72.291,72.32
2022-03-14 15:34:00,72.31,72.294,72.29,72.33
2022-03-14 15:35:00,72.34,72.34,72.34,72.34
2022-03-14 15:36:00,72.35,72.35,72.35,72.35
2022-03-14 15:37:00,72.35,72.35,72.35,72.35
2022-03-14 15:38:00,72.3,72.44,72.3,72.48
2022-03-14 15:39:00,72.301,72.3,72.3,72.32
2022-03-14 15:40:00,72.32,72.291,72.291,72.32
2022-03-14 15:41:00,72.3,72.325,72.3,72.325
2022-03-14 15:42:00,72.29,72.29,72.29,72.35
2022-03-14 15:43:00,72.29,72.325,72.29,72.325
2022-03-14 15:44:00,72.34,72.31,72.3,72.38
2022-03-14 15:45:00,72.301,72.365,72.301,72.365
2022-03-14 15:46:00,72.29,72.27,72.24,72.32
2022-03-14 15:47:00,72.29,72.32,72.271,72.33
2022-03-14 15:48:00,72.35,72.29,72.29,72.38
2022-03-14 15:49:00,72.38,72.335,72.33,72.405
2022-03-14 15:50:00,72.31,72.36,72.31,72.38
2022-03-14 15:51:00,72.49,72.3,72.26,72.495
2022-03-14 15:52:00,72.56,72.47,72.47,72.6
2022-03-14 15:53:00,72.57,72.53,72.53,72.62
2022-03-14 15:54:00,72.63,72.57,72.57,72.66
2022-03-14 15:55:00,72.58,72.62,72.55,72.64
2022-03-14 15:56:00,72.745,72.62,72.62,72.745
2022-03-14 15:57:00,72.78,72.725,72.72,72.78
2022-03-14 15:58:00,72.7,72.78,72.7,72.78
2022-03-14 15:59:00,72.71,72.71,72.66,72.76
2022-03-14 16:00:00,72.84,72.71,72.71,72.86
2022-03-15 09:31:00,69.23,69.57,69.23,69.59
2022-03-15 09:32:00,69.25,69.33,69.15,69.35
2022-03-15 09:33:00,69.22,69.3,69.17,69.3
2022-03-15 09:34:00,69.3,69.18,69.18,69.3
2022-03-15 09:35:00,69.34,69.3,69.22,69.4
2022-03-15 09:36:00,69.33,69.26,69.26,69.4
2022-03-15 09:37:00,69.4,69.27,69.27,69.42
2022-03-15 09:38:00,69.62,69.41,69.4,69.7
2022-03-15 09:39:00,69.7,69.64,69.57,69.7
2022-03-15 09:40:00,69.75,69.71,69.69,69.77
2022-03-15 09:41:00,69.81,69.66,69.66,69.82
2022-03-15 09:42:00,69.72,69.76,69.695,69.76
2022-03-15 09:43:00,69.62,69.68,69.62,69.7
2022-03-15 09:44:00,69.561,69.69,69.545,69.7
2022-03-15 09:45:00,69.55,69.55,69.42,69.6
2022-03-15 09:46:00,69.47,69.45,69.45,69.65
2022-03-15 09:47:00,69.39,69.45,69.39,69.49
2022-03-15 09:48:00,69.51,69.39,69.39,69.59
2022-03-15 09:49:00,69.67,69.48,69.47,69.67
2022-03-15 09:50:00,69.54,69.63,69.5,69.7
2022-03-15 09:51:00,69.63,69.42,69.36,69.63
2022-03-15 09:52:00,69.53,69.65,69.51,69.65
2022-03-15 09:53:00,69.52,69.51,69.41,69.52
2022-03-15 09:54:00,69.35,69.47,69.34,69.5
2022-03-15 09:55:00,69.285,69.29,69.26,69.3
2022-03-15 09:56:00,69.43,69.325,69.31,69.56
2022-03-15 09:57:00,69.59,69.48,69.461,69.62
2022-03-15 09:58:00,69.54,69.57,69.5,69.57
2022-03-15 09:59:00,69.15,69.49,69.13,69.49
2022-03-15 10:00:00,69.15,69.15,69.15,69.22
2022-03-15 10:01:00,69.05,69.13,68.94,69.13
2022-03-15 10:02:00,68.99,69.15,68.99,69.15
2022-03-15 10:03:00,68.88,69.0,68.88,69.02
2022-03-15 10:04:00,68.85,68.9,68.82,69.0
2022-03-15 10:05:00,68.78,68.81,68.78,68.95
2022-03-15 10:06:00,68.88,68.87,68.86,68.92
2022-03-15 10:07:00,68.91,68.93,68.91,68.93
2022-03-15 10:08:00,68.92,68.88,68.781,68.92
2022-03-15 10:09:00,68.52,68.76,68.48,68.78
2022-03-15 10:10:00,68.56,68.47,68.47,68.62
2022-03-15 10:11:00,68.55,68.57,68.55,68.59
2022-03-15 10:12:00,68.47,68.52,68.43,68.55
2022-03-15 10:13:00,68.39,68.44,68.26,68.47
2022-03-15 10:14:00,68.22,68.35,68.171,68.35
2022-03-15 10:15:00,68.5,68.38,68.38,68.5
2022-03-15 10:16:00,68.42,68.5,68.42,68.5
2022-03-15 10:17:00,68.4,68.39,68.32,68.415
2022-03-15 10:18:00,68.12,68.3,68.11,68.31
2022-03-15 10:19:00,68.42,68.105,68.105,68.46
2022-03-15 10:20:00,68.35,68.39,68.33,68.42
2022-03-15 10:21:00,68.55,68.35,68.35,68.57
2022-03-15 10:22:00,68.56,68.57,68.53,68.62
2022-03-15 10:23:00,68.72,68.56,68.56,68.72
2022-03-15 10:24:00,68.55,68.72,68.55,68.72
2022-03-15 10:25:00,68.6,68.57,68.54,68.64
2022-03-15 10:26:00,68.73,68.57,68.56,68.73
2022-03-15 10:27:00,68.641,68.64,68.64,68.7
2022-03-15 10:28:00,68.565,68.63,68.565,68.65
2022-03-15 10:29:00,68.35,68.51,68.35,68.53
2022-03-15 10:30:00,68.35,68.35,68.35,68.35
2022-03-15 10:31:00,68.32,68.31,68.27,68.37
2022-03-15 10:32:00,68.27,68.29,68.27,68.32
2022-03-15 10:33:00,68.27,68.21,68.21,68.29
2022-03-15 10:34:00,68.3,68.26,68.22,68.44
2022-03-15 10:35:00,68.36,68.32,68.32,68.39
2022-03-15 10:36:00,68.59,68.38,68.38,68.62
2022-03-15 10:37:00,68.6,68.59,68.59,68.6
2022-03-15 10:38:00,68.32,68.41,68.32,68.431
2022-03-15 10:39:00,68.49,68.32,68.32,68.49
2022-03-15 10:40:00,68.48,68.54,68.48,68.54
2022-03-15 10:41:00,68.43,68.46,68.33,68.46
2022-03-15 10:42:00,68.7,68.4,68.4,68.7
2022-03-15 10:43:00,68.78,68.8,68.73,68.84
2022-03-15 10:44:00,68.91,68.84,68.84,68.91
2022-03-15 10:45:00,68.72,68.735,68.72,68.76
2022-03-15 10:46:00,69.01,68.81,68.81,69.01
2022-03-15 10:47:00,69.09,68.97,68.97,69.13
2022-03-15 10:48:00,69.065,69.16,69.05,69.16
2022-03-15 10:49:00,69.14,69.1,69.08,69.14
2022-03-15 10:50:00,69.31,69.16,69.16,69.38
2022-03-15 10:51:00,69.42,69.38,69.28,69.42
2022-03-15 10:52:00,69.22,69.4,69.22,69.4
2022-03-15 10:53:00,69.21,69.18,69.15,69.21
2022-03-15 10:54:00,69.27,69.21,69.1,69.28
2022-03-15 10:55:00,69.24,69.19,69.19,69.29
2022-03-15 10:56:00,69.19,69.2,69.14,69.2
2022-03-15 10:57:00,69.01,69.2,69.0,69.2
2022-03-15 10:58:00,68.95,69.04,68.95,69.04
2022-03-15 10:59:00,68.94,69.01,68.92,69.03
2022-03-15 11:00:00,68.97,68.97,68.89,68.99
2022-03-15 11:01:00,68.81,68.86,68.81,68.89
2022-03-15 11:02:00,68.79,68.81,68.745,68.83
2022-03-15 11:03:00,68.7,68.81,68.68,68.84
2022-03-15 11:04:00,68.5,68.66,68.5,68.66
2022-03-15 11:05:00,68.66,68.51,68.51,68.66
2022-03-15 11:06:00,68.59,68.7,68.59,68.7
2022-03-15 11:07:00,68.68,68.57,68.57,68.68
2022-03-15 11:08:00,68.68,68.66,68.66,68.7
2022-03-15 11:09:00,68.54,68.67,68.54,68.67
2022-03-15 11:10:00,68.45,68.52,68.44,68.57
2022-03-15 11:11:00,68.41,68.38,68.28,68.41
2022-03-15 11:12:00,68.43,68.34,68.34,68.44
2022-03-15 11:13:00,68.32,68.41,68.32,68.41
2022-03-15 11:14:00,68.22,68.31,68.22,68.35
2022-03-15 11:15:00,68.27,68.31,68.27,68.36
2022-03-15 11:16:00,68.37,68.26,68.26,68.378
2022-03-15 11:17:00,68.53,68.48,68.48,68.54
2022-03-15 11:18:00,68.61,68.6,68.6,68.61
2022-03-15 11:19:00,68.61,68.6,68.6,68.61
2022-03-15 11:20:00,68.61,68.6,68.6,68.61
2022-03-15 11:21:00,68.76,68.7,68.7,68.77
2022-03-15 11:22:00,68.68,68.76,68.63,68.76
2022-03-15 11:23:00,68.65,68.6,68.6,68.65
2022-03-15 11:24:00,68.67,68.67,68.67,68.67
2022-03-15 11:25:00,68.57,68.57,68.57,68.57
2022-03-15 11:26:00,68.37,68.37,68.37,68.37
2022-03-15 11:27:00,68.14,68.34,68.13,68.34
2022-03-15 11:28:00,67.94,68.17,67.91,68.17
2022-03-15 11:29:00,68.08,67.97,67.97,68.08
2022-03-15 11:30:00,68.2,68.09,68.03,68.2
2022-03-15 11:31:00,68.0,68.16,68.0,68.16
2022-03-15 11:32:00,68.23,68.01,68.01,68.23
2022-03-15 11:33:00,68.33,68.22,68.22,68.33
2022-03-15 11:34:00,68.28,68.28,68.28,68.28
2022-03-15 11:35:00,68.36,68.25,68.25,68.38
2022-03-15 11:36:00,68.25,68.34,68.25,68.34
2022-03-15 11:37:00,68.12,68.23,68.12,68.23
2022-03-15 11:38:00,68.05,68.19,68.05,68.19
2022-03-15 11:39:00,68.14,68.051,68.051,68.19
2022-03-15 11:40:00,68.28,68.13,68.12,68.32
2022-03-15 11:41:00,68.21,68.38,68.21,68.39
2022-03-15 11:42:00,68.22,68.16,68.15,68.22
2022-03-15 11:43:00,68.22,68.16,68.15,68.22
2022-03-15 11:44:00,68.17,68.18,68.17,68.18
2022-03-15 11:45:00,68.35,68.2,68.2,68.35
2022-03-15 11:46:00,68.41,68.31,68.31,68.41
2022-03-15 11:47:00,68.4,68.35,68.27,68.49
2022-03-15 11:48:00,68.57,68.5,68.5,68.59
2022-03-15 11:49:00,68.59,68.6,68.51,68.6
2022-03-15 11:50:00,68.46,68.51,68.46,68.51
2022-03-15 11:51:00,68.585,68.52,68.52,68.61
2022-03-15 11:52:00,68.58,68.59,68.58,68.59
2022-03-15 11:53:00,68.58,68.59,68.54,68.6
2022-03-15 11:54:00,68.6,68.57,68.57,68.67
2022-03-15 11:55:00,68.77,68.64,68.64,68.94
2022-03-15 11:56:00,69.24,68.76,68.76,69.25
2022-03-15 11:57:00,68.925,69.17,68.84,69.3
2022-03-15 11:58:00,69.32,68.9,68.87,69.32
2022-03-15 11:59:00,69.1,69.31,69.1,69.31
2022-03-15 12:00:00,69.24,69.11,69.1,69.24
2022-03-15 12:01:00,69.36,69.23,69.23,69.48
2022-03-15 12:02:00,69.48,69.38,69.38,69.52
2022-03-15 12:03:00,69.6,69.54,69.5,69.67
2022-03-15 12:04:00,69.61,69.57,69.56,69.62
2022-03-15 12:05:00,69.49,69.63,69.49,69.64
2022-03-15 12:06:00,69.42,69.44,69.3,69.5
2022-03-15 12:07:00,69.33,69.33,69.28,69.33
2022-03-15 12:08:00,69.35,69.3,69.3,69.46
2022-03-15 12:09:00,69.32,69.39,69.27,69.4
2022-03-15 12:10:00,69.08,69.14,69.01,69.14
2022-03-15 12:11:00,69.35,69.17,69.16,69.41
2022-03-15 12:12:00,69.38,69.35,69.33,69.42
2022-03-15 12:13:00,69.14,69.375,69.14,69.39
2022-03-15 12:14:00,69.24,69.25,69.24,69.27
2022-03-15 12:15:00,69.19,69.13,69.13,69.24
2022-03-15 12:16:00,69.4,69.3,69.3,69.42
2022-03-15 12:17:00,69.55,69.52,69.52,69.71
2022-03-15 12:18:00,69.7,69.63,69.63,69.88
2022-03-15 12:19:00,69.75,69.701,69.701,69.75
2022-03-15 12:20:00,69.59,69.77,69.59,69.77
2022-03-15 12:21:00,69.66,69.6,69.6,69.66
2022-03-15 12:22:00,69.85,69.82,69.79,69.89
2022-03-15 12:23:00,69.79,69.84,69.79,69.84
2022-03-15 12:24:00,69.71,69.73,69.71,69.75
2022-03-15 12:25:00,69.57,69.65,69.51,69.65
2022-03-15 12:26:00,69.74,69.52,69.52,69.76
2022-03-15 12:27:00,69.72,69.72,69.72,69.72
2022-03-15 12:28:00,69.82,69.85,69.82,69.85
2022-03-15 12:29:00,70.02,69.97,69.97,70.05
2022-03-15 12:30:00,70.01,70.1,69.91,70.11
2022-03-15 12:31:00,69.86,69.95,69.78,69.96
2022-03-15 12:32:00,69.89,69.9,69.86,69.9
2022-03-15 12:33:00,69.9,69.88,69.79,69.9
2022-03-15 12:34:00,69.99,70.08,69.99,70.08
2022-03-15 12:35:00,69.94,69.97,69.94,69.97
2022-03-15 12:36:00,69.85,69.91,69.84,69.91
2022-03-15 12:37:00,69.83,69.84,69.81,69.87
2022-03-15 12:38:00,69.92,69.97,69.92,69.97
2022-03-15 12:39:00,69.92,69.97,69.92,69.97
2022-03-15 12:40:00,69.68,69.71,69.68,69.71
2022-03-15 12:41:00,69.62,69.65,69.62,69.77
2022-03-15 12:42:00,69.82,69.82,69.82,69.82
2022-03-15 12:43:00,69.82,69.82,69.82,69.82
2022-03-15 12:44:00,69.7,69.74,69.64,69.74
2022-03-15 12:45:00,69.62,69.76,69.61,69.76
2022-03-15 12:46:00,69.83,69.69,69.69,69.83
2022-03-15 12:47:00,69.93,69.81,69.74,69.94
2022-03-15 12:48:00,69.87,69.93,69.82,69.93
2022-03-15 12:49:00,70.04,69.88,69.88,70.04
2022-03-15 12:50:00,70.13,70.065,70.04,70.15
2022-03-15 12:51:00,70.11,70.12,70.11,70.17
2022-03-15 12:52:00,70.22,70.17,70.17,70.27
2022-03-15 12:53:00,70.3,70.22,70.21,70.31
2022-03-15 12:54:00,70.35,70.32,70.32,70.44
2022-03-15 12:55:00,70.43,70.45,70.43,70.49
2022-03-15 12:56:00,70.37,70.48,70.36,70.48
2022-03-15 12:57:00,70.32,70.37,70.3,70.37
2022-03-15 12:58:00,70.26,70.26,70.26,70.28
2022-03-15 12:59:00,70.26,70.28,70.26,70.28
2022-03-15 13:00:00,70.24,70.24,70.24,70.24
2022-03-15 13:01:00,70.2,70.14,70.14,70.2
2022-03-15 13:02:00,70.39,70.26,70.26,70.42
2022-03-15 13:03:00,70.35,70.38,70.29,70.39
2022-03-15 13:04:00,70.4,70.38,70.36,70.4
2022-03-15 13:05:00,70.3,70.35,70.29,70.35
2022-03-15 13:06:00,70.42,70.31,70.31,70.42
2022-03-15 13:07:00,70.27,70.41,70.27,70.41
2022-03-15 13:08:00,70.17,70.2,70.17,70.21
2022-03-15 13:09:00,69.98,70.15,69.98,70.15
2022-03-15 13:10:00,69.9,69.96,69.9,70.01
2022-03-15 13:11:00,69.99,70.03,69.99,70.03
2022-03-15 13:12:00,70.11,70.0,70.0,70.13
2022-03-15 13:13:00,70.05,70.11,70.05,70.11
2022-03-15 13:14:00,70.12,69.99,69.99,70.12
2022-03-15 13:15:00,70.09,70.09,70.09,70.09
2022-03-15 13:16:00,70.09,70.09,70.09,70.09
2022-03-15 13:17:00,69.86,70.01,69.86,70.01
2022-03-15 13:18:00,69.86,70.01,69.86,70.01
2022-03-15 13:19:00,69.86,70.01,69.86,70.01
2022-03-15 13:20:00,69.77,69.88,69.77,69.88
2022-03-15 13:21:00,69.64,69.71,69.61,69.71
2022-03-15 13:22:00,69.65,69.62,69.6,69.65
2022-03-15 13:23:00,69.75,69.58,69.58,69.75
2022-03-15 13:24:00,69.74,69.77,69.72,69.77
2022-03-15 13:25:00,69.68,69.63,69.61,69.68
2022-03-15 13:26:00,69.58,69.65,69.58,69.68
2022-03-15 13:27:00,69.64,69.56,69.54,69.66
2022-03-15 13:28:00,69.57,69.63,69.54,69.65
2022-03-15 13:29:00,69.57,69.59,69.57,69.6
2022-03-15 13:30:00,69.37,69.575,69.37,69.575
2022-03-15 13:31:00,69.48,69.51,69.48,69.53
2022-03-15 13:32:00,69.6,69.61,69.6,69.61
2022-03-15 13:33:00,69.59,69.59,69.59,69.59
2022-03-15 13:34:00,69.375,69.57,69.31,69.58
2022-03-15 13:35:00,69.53,69.34,69.34,69.53
2022-03-15 13:36:00,69.53,69.34,69.34,69.53
2022-03-15 13:37:00,69.7,69.72,69.7,69.72
2022-03-15 13:38:00,69.78,69.71,69.71,69.81
2022-03-15 13:39:00,69.66,69.69,69.66,69.69
2022-03-15 13:40:00,69.67,69.67,69.67,69.67
2022-03-15 13:41:00,69.67,69.67,69.67,69.67
2022-03-15 13:42:00,69.67,69.67,69.67,69.67
2022-03-15 13:43:00,69.67,69.67,69.67,69.67
2022-03-15 13:44:00,69.67,69.67,69.67,69.67
2022-03-15 13:45:00,69.44,69.6,69.44,69.6
2022-03-15 13:46:00,69.44,69.53,69.44,69.53
2022-03-15 13:47:00,69.54,69.46,69.46,69.54
2022-03-15 13:48:00,69.54,69.46,69.46,69.54
2022-03-15 13:49:00,69.54,69.46,69.46,69.54
2022-03-15 13:50:00,69.42,69.42,69.42,69.42
2022-03-15 13:51:00,69.47,69.47,69.47,69.47
2022-03-15 13:52:00,69.67,69.54,69.54,69.67
2022-03-15 13:53:00,69.7,69.66,69.66,69.71
2022-03-15 13:54:00,69.7,69.7,69.7,69.7
2022-03-15 13:55:00,69.7,69.7,69.7,69.7
2022-03-15 13:56:00,69.82,69.82,69.82,69.82
2022-03-15 13:57:00,69.82,69.82,69.82,69.82
2022-03-15 13:58:00,69.81,69.82,69.81,69.82
2022-03-15 13:59:00,69.71,69.86,69.71,69.86
2022-03-15 14:00:00,69.58,69.58,69.58,69.58
2022-03-15 14:01:00,69.63,69.63,69.63,69.63
2022-03-15 14:02:00,69.63,69.63,69.63,69.63
2022-03-15 14:03:00,69.65,69.65,69.65,69.65
2022-03-15 14:04:00,69.65,69.67,69.65,69.7
2022-03-15 14:05:00,69.64,69.66,69.64,69.66
2022-03-15 14:06:00,69.71,69.71,69.71,69.71
2022-03-15 14:07:00,69.75,69.8,69.74,69.8
2022-03-15 14:08:00,69.99,69.93,69.93,69.99
2022-03-15 14:09:00,69.87,69.87,69.87,69.87
2022-03-15 14:10:00,69.88,69.88,69.88,69.88
2022-03-15 14:11:00,69.98,69.96,69.96,69.99
2022-03-15 14:12:00,69.9,70.03,69.9,70.04
2022-03-15 14:13:00,69.91,69.91,69.91,69.91
2022-03-15 14:14:00,69.85,69.85,69.85,69.85
2022-03-15 14:15:00,69.91,69.91,69.91,69.91
2022-03-15 14:16:00,69.91,69.91,69.91,69.91
2022-03-15 14:17:00,69.91,69.91,69.91,69.91
2022-03-15 14:18:00,69.92,69.87,69.87,69.92
2022-03-15 14:19:00,69.89,69.89,69.89,69.89
2022-03-15 14:20:00,69.73,69.73,69.73,69.73
2022-03-15 14:21:00,69.8,69.66,69.66,69.81
2022-03-15 14:22:00,69.83,69.85,69.83,69.87
2022-03-15 14:23:00,69.74,69.705,69.705,69.74
2022-03-15 14:24:00,69.55,69.79,69.5,69.81
2022-03-15 14:25:00,69.49,69.54,69.49,69.72
2022-03-15 14:26:00,69.53,69.49,69.47,69.56
2022-03-15 14:27:00,69.48,69.51,69.48,69.51
2022-03-15 14:28:00,69.51,69.5,69.47,69.56
2022-03-15 14:29:00,69.41,69.53,69.41,69.54
2022-03-15 14:30:00,69.28,69.34,69.28,69.42
2022-03-15 14:31:00,69.44,69.33,69.33,69.44
2022-03-15 14:32:00,69.26,69.34,69.15,69.34
2022-03-15 14:33:00,68.93,69.25,68.93,69.26
2022-03-15 14:34:00,69.16,69.1,69.1,69.175
2022-03-15 14:35:00,69.25,69.13,69.13,69.25
2022-03-15 14:36:00,69.22,69.24,69.22,69.24
2022-03-15 14:37:00,69.22,69.24,69.22,69.24
2022-03-15 14:38:00,69.11,69.15,69.11,69.15
2022-03-15 14:39:00,69.06,69.12,69.06,69.12
2022-03-15 14:40:00,68.95,69.06,68.92,69.07
2022-03-15 14:41:00,68.83,68.88,68.8,68.88
2022-03-15 14:42:00,68.83,68.83,68.83,68.87
2022-03-15 14:43:00,68.83,68.84,68.81,68.85
2022-03-15 14:44:00,68.82,68.89,68.82,68.89
2022-03-15 14:45:00,68.71,68.78,68.68,68.78
2022-03-15 14:46:00,68.82,68.79,68.78,68.82
2022-03-15 14:47:00,68.73,68.74,68.71,68.8
2022-03-15 14:48:00,68.74,68.8,68.74,68.82
2022-03-15 14:49:00,68.71,68.74,68.71,68.74
2022-03-15 14:50:00,68.83,68.74,68.73,68.83
2022-03-15 14:51:00,68.78,68.79,68.78,68.79
2022-03-15 14:52:00,68.66,68.78,68.66,68.78
2022-03-15 14:53:00,68.67,68.69,68.64,68.72
2022-03-15 14:54:00,68.68,68.68,68.68,68.68
2022-03-15 14:55:00,68.8,68.72,68.71,68.8
2022-03-15 14:56:00,68.8,68.81,68.79,68.81
2022-03-15 14:57:00,68.86,68.91,68.85,68.92
2022-03-15 14:58:00,68.89,68.88,68.88,68.89
2022-03-15 14:59:00,68.91,68.88,68.87,68.91
2022-03-15 15:00:00,69.01,68.99,68.99,69.01
2022-03-15 15:01:00,68.84,68.88,68.81,68.88
2022-03-15 15:02:00,68.75,68.75,68.75,68.75
2022-03-15 15:03:00,68.77,68.78,68.77,68.81
2022-03-15 15:04:00,68.85,68.83,68.83,68.85
2022-03-15 15:05:00,68.91,68.91,68.91,68.93
2022-03-15 15:06:00,68.91,68.86,68.86,68.91
2022-03-15 15:07:00,68.95,68.96,68.95,68.99
2022-03-15 15:08:00,68.925,68.925,68.925,68.925
2022-03-15 15:09:00,69.03,69.03,69.03,69.03
2022-03-15 15:10:00,69.03,69.02,69.02,69.03
2022-03-15 15:11:00,69.01,69.01,69.01,69.01
2022-03-15 15:12:00,69.02,69.04,68.99,69.05
2022-03-15 15:13:00,69.08,68.95,68.95,69.08
2022-03-15 15:14:00,69.05,69.1,69.05,69.12
2022-03-15 15:15:00,69.021,69.03,69.021,69.05
2022-03-15 15:16:00,69.13,69.05,69.05,69.13
2022-03-15 15:17:00,69.08,69.11,69.06,69.12
2022-03-15 15:18:00,69.0,69.07,68.98,69.07
2022-03-15 15:19:00,69.03,69.0,69.0,69.05
2022-03-15 15:20:00,69.08,69.04,69.04,69.08
2022-03-15 15:21:00,69.05,69.09,69.05,69.09
2022-03-15 15:22:00,69.05,69.05,69.04,69.06
2022-03-15 15:23:00,69.04,69.04,69.04,69.07
2022-03-15 15:24:00,68.91,68.99,68.91,68.99
2022-03-15 15:25:00,68.84,68.87,68.84,68.87
2022-03-15 15:26:00,68.8,68.86,68.8,68.87
2022-03-15 15:27:00,68.86,68.85,68.85,68.87
2022-03-15 15:28:00,68.9,68.881,68.87,68.9
2022-03-15 15:29:00,69.02,68.95,68.93,69.02
2022-03-15 15:30:00,68.97,69.0,68.94,69.0
2022-03-15 15:31:00,68.98,69.0,68.98,69.05
2022-03-15 15:32:00,69.0,68.97,68.97,69.0
2022-03-15 15:33:00,69.01,68.99,68.94,69.01
2022-03-15 15:34:00,69.02,69.02,69.015,69.049
2022-03-15 15:35:00,69.05,69.05,69.0,69.05
2022-03-15 15:36:00,68.98,69.04,68.98,69.04
2022-03-15 15:37:00,69.021,69.02,69.01,69.03
2022-03-15 15:38:00,68.99,68.99,68.95,68.99
2022-03-15 15:39:00,68.97,68.99,68.95,68.991
2022-03-15 15:40:00,68.96,68.94,68.94,68.96
2022-03-15 15:41:00,68.941,68.99,68.941,68.99
2022-03-15 15:42:00,68.87,68.95,68.87,68.96
2022-03-15 15:43:00,68.91,68.95,68.9,68.96
2022-03-15 15:44:00,68.86,68.87,68.85,68.87
2022-03-15 15:45:00,68.87,68.83,68.81,68.88
2022-03-15 15:46:00,68.875,68.87,68.84,68.9
2022-03-15 15:47:00,68.81,68.875,68.81,68.875
2022-03-15 15:48:00,68.92,68.83,68.82,68.92
2022-03-15 15:49:00,68.88,68.94,68.88,68.94
2022-03-15 15:50:00,68.8,68.9,68.79,68.94
2022-03-15 15:51:00,68.82,68.81,68.7,68.83
2022-03-15 15:52:00,68.82,68.81,68.81,68.86
2022-03-15 15:53:00,68.85,68.84,68.815,68.89
2022-03-15 15:54:00,68.77,68.821,68.761,68.86
2022-03-15 15:55:00,68.7,68.78,68.7,68.82
2022-03-15 15:56:00,68.581,68.71,68.58,68.71
2022-03-15 15:57:00,68.63,68.59,68.58,68.64
2022-03-15 15:58:00,68.61,68.63,68.59,68.64
2022-03-15 15:59:00,68.641,68.63,68.57,68.66
2022-03-15 16:00:00,68.63,68.66,68.56,68.68
2022-03-16 09:31:00,70.52,70.64,70.52,70.77
2022-03-16 09:32:00,70.56,70.54,70.43,70.56
2022-03-16 09:33:00,70.53,70.55,70.53,70.55
2022-03-16 09:34:00,70.63,70.59,70.55,70.64
2022-03-16 09:35:00,70.76,70.64,70.61,70.82
2022-03-16 09:36:00,70.93,70.82,70.82,70.95
2022-03-16 09:37:00,70.94,70.89,70.89,70.941
2022-03-16 09:38:00,70.94,70.94,70.9,70.97
2022-03-16 09:39:00,70.88,70.94,70.88,71.06
2022-03-16 09:40:00,70.63,70.72,70.55,70.72
2022-03-16 09:41:00,70.51,70.51,70.48,70.52
2022-03-16 09:42:00,70.41,70.41,70.41,70.5
2022-03-16 09:43:00,70.34,70.47,70.33,70.49
2022-03-16 09:44:00,70.4,70.45,70.37,70.47
2022-03-16 09:45:00,70.65,70.42,70.36,70.66
2022-03-16 09:46:00,70.62,70.65,70.6,70.65
2022-03-16 09:47:00,70.45,70.5,70.45,70.5
2022-03-16 09:48:00,70.35,70.45,70.34,70.46
2022-03-16 09:49:00,70.44,70.49,70.44,70.49
2022-03-16 09:50:00,70.36,70.37,70.36,70.42
2022-03-16 09:51:00,70.14,70.21,70.14,70.21
2022-03-16 09:52:00,69.95,70.24,69.95,70.26
2022-03-16 09:53:00,69.885,69.95,69.88,69.95
2022-03-16 09:54:00,69.845,69.82,69.82,69.845
2022-03-16 09:55:00,70.03,69.94,69.94,70.05
2022-03-16 09:56:00,69.96,69.98,69.96,69.99
2022-03-16 09:57:00,70.03,69.97,69.92,70.03
2022-03-16 09:58:00,70.2,70.045,70.045,70.2
2022-03-16 09:59:00,70.11,70.17,70.08,70.17
2022-03-16 10:00:00,70.15,70.11,70.11,70.15
2022-03-16 10:01:00,70.28,70.16,70.15,70.31
2022-03-16 10:02:00,70.18,70.3,70.18,70.3
2022-03-16 10:03:00,70.16,70.2,70.16,70.2
2022-03-16 10:04:00,70.24,70.12,70.12,70.24
2022-03-16 10:05:00,70.35,70.24,70.24,70.35
2022-03-16 10:06:00,70.39,70.29,70.27,70.395
2022-03-16 10:07:00,70.46,70.35,70.35,70.46
2022-03-16 10:08:00,70.47,70.46,70.46,70.47
2022-03-16 10:09:00,70.49,70.43,70.43,70.51
2022-03-16 10:10:00,70.55,70.55,70.55,70.55
2022-03-16 10:11:00,70.41,70.45,70.41,70.5
2022-03-16 10:12:00,70.0,70.16,70.0,70.16
2022-03-16 10:13:00,69.95,69.94,69.83,69.95
2022-03-16 10:14:00,69.95,69.95,69.95,69.95
2022-03-16 10:15:00,69.76,70.02,69.75,70.02
2022-03-16 10:16:00,69.19,69.73,69.18,69.73
2022-03-16 10:17:00,69.33,69.21,69.21,69.54
2022-03-16 10:18:00,69.21,69.36,69.21,69.45
2022-03-16 10:19:00,68.88,69.12,68.88,69.12
2022-03-16 10:20:00,69.02,69.07,69.02,69.22
2022-03-16 10:21:00,68.99,69.02,68.93,69.1
2022-03-16 10:22:00,68.63,68.89,68.63,68.92
2022-03-16 10:23:00,68.84,68.89,68.84,68.92
2022-03-16 10:24:00,69.18,69.0,69.0,69.19
2022-03-16 10:25:00,69.16,69.13,68.98,69.17
2022-03-16 10:26:00,69.36,69.19,69.11,69.39
2022-03-16 10:27:00,69.22,69.27,69.22,69.37
2022-03-16 10:28:00,69.25,69.31,69.2,69.31
2022-03-16 10:29:00,69.24,69.25,69.24,69.33
2022-03-16 10:30:00,69.05,69.24,69.05,69.24
2022-03-16 10:31:00,68.94,69.01,68.74,69.04
2022-03-16 10:32:00,68.77,68.91,68.77,68.93
2022-03-16 10:33:00,68.7,68.645,68.6,68.7
2022-03-16 10:34:00,68.56,68.46,68.38,68.63
2022-03-16 10:35:00,68.46,68.495,68.3,68.495
2022-03-16 10:36:00,68.88,68.72,68.72,68.89
2022-03-16 10:37:00,68.97,68.925,68.925,69.05
2022-03-16 10:38:00,68.83,68.82,68.8,69.06
2022-03-16 10:39:00,68.83,68.82,68.8,69.06
2022-03-16 10:40:00,68.6,68.83,68.6,68.83
2022-03-16 10:41:00,68.49,68.605,68.49,68.61
2022-03-16 10:42:00,69.07,68.64,68.64,69.25
2022-03-16 10:43:00,69.32,69.39,69.3,69.47
2022-03-16 10:44:00,69.3,69.32,69.3,69.48
2022-03-16 10:45:00,69.06,69.24,69.06,69.28
2022-03-16 10:46:00,69.3,69.3,69.3,69.3
2022-03-16 10:47:00,69.25,69.25,69.25,69.25
2022-03-16 10:48:00,69.25,69.25,69.25,69.25
2022-03-16 10:49:00,69.23,69.35,69.16,69.35
2022-03-16 10:50:00,68.95,69.06,68.9,69.06
2022-03-16 10:51:00,69.07,69.0,69.0,69.07
2022-03-16 10:52:00,69.11,68.93,68.93,69.11
2022-03-16 10:53:00,69.17,69.17,69.17,69.17
2022-03-16 10:54:00,69.17,69.17,69.17,69.17
2022-03-16 10:55:00,68.79,69.055,68.79,69.055
2022-03-16 10:56:00,68.79,69.055,68.79,69.055
2022-03-16 10:57:00,68.95,68.98,68.95,68.98
2022-03-16 10:58:00,68.96,69.0,68.96,69.0
2022-03-16 10:59:00,68.96,69.0,68.96,69.0
2022-03-16 11:00:00,68.67,68.72,68.67,68.72
2022-03-16 11:01:00,68.78,68.78,68.78,68.78
2022-03-16 11:02:00,69.12,68.8,68.8,69.15
2022-03-16 11:03:00,68.81,69.04,68.81,69.04
2022-03-16 11:04:00,68.83,68.79,68.79,68.83
2022-03-16 11:05:00,68.98,68.9,68.9,68.98
2022-03-16 11:06:00,68.79,68.86,68.79,68.86
2022-03-16 11:07:00,68.81,68.81,68.81,68.81
2022-03-16 11:08:00,68.84,68.9,68.84,68.9
2022-03-16 11:09:00,69.1,69.06,69.06,69.1
2022-03-16 11:10:00,69.1,69.06,69.06,69.1
2022-03-16 11:11:00,69.01,69.07,69.01,69.09
2022-03-16 11:12:00,69.01,69.07,69.01,69.09
2022-03-16 11:13:00,69.01,69.07,69.01,69.09
2022-03-16 11:14:00,68.75,68.765,68.75,68.765
2022-03-16 11:15:00,68.93,68.79,68.79,68.93
2022-03-16 11:16:00,68.91,68.91,68.91,68.91
2022-03-16 11:17:00,68.91,68.91,68.91,68.91
2022-03-16 11:18:00,69.07,69.07,69.07,69.07
2022-03-16 11:19:00,69.22,69.19,69.19,69.22
2022-03-16 11:20:00,69.28,69.28,69.28,69.28
2022-03-16 11:21:00,69.35,69.27,69.27,69.35
2022-03-16 11:22:00,69.35,69.27,69.27,69.35
2022-03-16 11:23:00,69.37,69.37,69.37,69.37
2022-03-16 11:24:00,69.27,69.29,69.27,69.29
2022-03-16 11:25:00,69.38,69.38,69.38,69.38
2022-03-16 11:26:00,69.38,69.38,69.38,69.38
2022-03-16 11:27:00,69.59,69.39,69.39,69.6
2022-03-16 11:28:00,69.49,69.49,69.49,69.49
2022-03-16 11:29:00,69.49,69.49,69.49,69.49
2022-03-16 11:30:00,69.35,69.35,69.35,69.35
2022-03-16 11:31:00,69.27,69.22,69.22,69.3
2022-03-16 11:32:00,69.27,69.22,69.22,69.3
2022-03-16 11:33:00,69.22,69.22,69.22,69.22
2022-03-16 11:34:00,69.11,69.28,69.11,69.28
2022-03-16 11:35:00,69.11,69.28,69.11,69.28
2022-03-16 11:36:00,69.11,69.28,69.11,69.28
2022-03-16 11:37:00,69.35,69.285,69.285,69.35
2022-03-16 11:38:00,69.46,69.45,69.45,69.47
2022-03-16 11:39:00,69.62,69.5,69.49,69.62
2022-03-16 11:40:00,69.68,69.68,69.68,69.68
2022-03-16 11:41:00,69.77,69.72,69.72,69.82
2022-03-16 11:42:00,69.69,69.72,69.66,69.75
2022-03-16 11:43:00,69.7,69.7,69.7,69.7
2022-03-16 11:44:00,69.55,69.55,69.55,69.55
2022-03-16 11:45:00,69.4,69.51,69.4,69.51
2022-03-16 11:46:00,69.4,69.51,69.4,69.51
2022-03-16 11:47:00,69.56,69.56,69.56,69.56
2022-03-16 11:48:00,69.62,69.62,69.62,69.62
2022-03-16 11:49:00,69.68,69.71,69.64,69.71
2022-03-16 11:50:00,69.68,69.71,69.64,69.71
2022-03-16 11:51:00,69.55,69.46,69.46,69.55
2022-03-16 11:52:00,69.57,69.57,69.57,69.57
2022-03-16 11:53:00,69.6,69.6,69.6,69.6
2022-03-16 11:54:00,69.6,69.6,69.6,69.6
2022-03-16 11:55:00,69.55,69.55,69.55,69.55
2022-03-16 11:56:00,69.55,69.55,69.55,69.55
2022-03-16 11:57:00,69.73,69.77,69.73,69.81
2022-03-16 11:58:00,69.83,69.86,69.83,69.89
2022-03-16 11:59:00,69.83,69.86,69.83,69.89
2022-03-16 12:00:00,69.82,69.78,69.78,69.82
2022-03-16 12:01:00,69.77,69.78,69.77,69.78
2022-03-16 12:02:00,69.77,69.78,69.77,69.78
2022-03-16 12:03:00,69.77,69.78,69.77,69.78
2022-03-16 12:04:00,69.74,69.64,69.64,69.74
2022-03-16 12:05:00,69.74,69.64,69.64,69.74
2022-03-16 12:06:00,69.71,69.71,69.71,69.71
2022-03-16 12:07:00,69.85,69.8,69.8,69.85
2022-03-16 12:08:00,69.86,69.86,69.86,69.88
2022-03-16 12:09:00,69.82,69.84,69.82,69.84
2022-03-16 12:10:00,69.7,69.699,69.698,69.7
2022-03-16 12:11:00,69.67,69.67,69.67,69.67
2022-03-16 12:12:00,69.41,69.445,69.41,69.445
2022-03-16 12:13:00,69.41,69.445,69.41,69.445
2022-03-16 12:14:00,69.48,69.48,69.48,69.48
2022-03-16 12:15:00,69.48,69.48,69.48,69.48
2022-03-16 12:16:00,69.64,69.66,69.62,69.66
2022-03-16 12:17:00,69.64,69.66,69.62,69.66
2022-03-16 12:18:00,69.42,69.5,69.42,69.5
2022-03-16 12:19:00,69.31,69.33,69.31,69.37
2022-03-16 12:20:00,69.34,69.34,69.34,69.34
2022-03-16 12:21:00,69.37,69.42,69.37,69.42
2022-03-16 12:22:00,69.37,69.42,69.37,69.42
2022-03-16 12:23:00,69.37,69.42,69.37,69.42
2022-03-16 12:24:00,69.37,69.37,69.37,69.37
2022-03-16 12:25:00,69.53,69.49,69.49,69.53
2022-03-16 12:26:00,69.56,69.52,69.5,69.56
2022-03-16 12:27:00,69.74,69.64,69.64,69.75
2022-03-16 12:28:00,69.81,69.73,69.73,69.81
2022-03-16 12:29:00,69.81,69.79,69.75,69.81
2022-03-16 12:30:00,69.81,69.79,69.75,69.81
2022-03-16 12:31:00,69.7,69.7,69.64,69.7
2022-03-16 12:32:00,69.55,69.55,69.55,69.55
2022-03-16 12:33:00,69.55,69.55,69.55,69.55
2022-03-16 12:34:00,69.47,69.47,69.47,69.47
2022-03-16 12:35:00,69.46,69.44,69.44,69.46
2022-03-16 12:36:00,69.55,69.51,69.51,69.55
2022-03-16 12:37:00,69.55,69.54,69.54,69.55
2022-03-16 12:38:00,69.42,69.42,69.42,69.42
2022-03-16 12:39:00,69.42,69.42,69.42,69.42
2022-03-16 12:40:00,69.42,69.42,69.42,69.42
2022-03-16 12:41:00,69.37,69.37,69.37,69.37
2022-03-16 12:42:00,69.37,69.37,69.37,69.37
2022-03-16 12:43:00,69.17,69.26,69.17,69.26
2022-03-16 12:44:00,69.17,69.26,69.17,69.26
2022-03-16 12:45:00,69.28,69.21,69.21,69.28
2022-03-16 12:46:00,69.28,69.26,69.26,69.28
2022-03-16 12:47:00,69.53,69.33,69.33,69.53
2022-03-16 12:48:00,69.55,69.53,69.52,69.6
2022-03-16 12:49:00,69.62,69.57,69.57,69.62
2022-03-16 12:50:00,69.57,69.57,69.57,69.57
2022-03-16 12:51:00,69.62,69.62,69.62,69.62
2022-03-16 12:52:00,69.45,69.52,69.45,69.54
2022-03-16 12:53:00,69.43,69.43,69.43,69.43
2022-03-16 12:54:00,69.32,69.35,69.32,69.35
2022-03-16 12:55:00,69.32,69.35,69.32,69.35
2022-03-16 12:56:00,69.19,69.18,69.18,69.19
2022-03-16 12:57:00,69.19,69.18,69.18,69.19
2022-03-16 12:58:00,69.149,69.13,69.13,69.149
2022-03-16 12:59:00,69.12,69.12,69.12,69.12
2022-03-16 13:00:00,69.18,69.18,69.18,69.18
2022-03-16 13:01:00,69.335,69.17,69.17,69.335
2022-03-16 13:02:00,69.335,69.17,69.17,69.335
2022-03-16 13:03:00,69.23,69.23,69.23,69.23
2022-03-16 13:04:00,68.9,68.93,68.9,68.95
2022-03-16 13:05:00,68.9,68.93,68.9,68.95
2022-03-16 13:06:00,68.95,68.95,68.95,68.95
2022-03-16 13:07:00,68.95,68.95,68.95,68.95
2022-03-16 13:08:00,68.95,68.95,68.95,68.95
2022-03-16 13:09:00,69.09,69.09,69.09,69.09
2022-03-16 13:10:00,68.97,69.07,68.97,69.07
2022-03-16 13:11:00,69.05,68.96,68.96,69.05
2022-03-16 13:12:00,68.98,69.03,68.98,69.03
2022-03-16 13:13:00,68.85,68.929,68.85,68.929
2022-03-16 13:14:00,68.88,68.85,68.74,68.88
2022-03-16 13:15:00,69.01,68.95,68.95,69.01
2022-03-16 13:16:00,69.01,68.95,68.95,69.01
2022-03-16 13:17:00,69.08,69.06,69.06,69.08
2022-03-16 13:18:00,69.08,69.06,69.06,69.1
2022-03-16 13:19:00,69.01,69.01,69.01,69.01
2022-03-16 13:20:00,69.06,69.11,69.06,69.12
2022-03-16 13:21:00,68.97,69.02,68.94,69.02
2022-03-16 13:22:00,68.97,69.02,68.97,69.02
2022-03-16 13:23:00,68.96,69.04,68.96,69.04
2022-03-16 13:24:00,68.97,68.955,68.955,68.97
2022-03-16 13:25:00,68.8,68.88,68.8,68.88
2022-03-16 13:26:00,68.88,68.88,68.88,68.88
2022-03-16 13:27:00,68.73,68.75,68.73,68.75
2022-03-16 13:28:00,68.73,68.75,68.73,68.75
2022-03-16 13:29:00,68.77,68.77,68.77,68.77
2022-03-16 13:30:00,68.77,68.77,68.77,68.77
2022-03-16 13:31:00,68.655,68.655,68.655,68.655
2022-03-16 13:32:00,68.7,68.7,68.7,68.7
2022-03-16 13:33:00,68.68,68.68,68.68,68.68
2022-03-16 13:34:00,68.7,68.7,68.7,68.7
2022-03-16 13:35:00,68.7,68.7,68.7,68.7
2022-03-16 13:36:00,68.7,68.7,68.7,68.7
2022-03-16 13:37:00,68.745,68.765,68.745,68.765
2022-03-16 13:38:00,68.84,68.83,68.83,68.88
2022-03-16 13:39:00,68.92,68.92,68.92,68.92
2022-03-16 13:40:00,68.93,68.94,68.925,68.94
2022-03-16 13:41:00,68.86,68.86,68.86,68.86
2022-03-16 13:42:00,68.86,68.89,68.86,68.92
2022-03-16 13:43:00,68.89,68.89,68.88,68.89
2022-03-16 13:44:00,68.88,68.82,68.82,68.88
2022-03-16 13:45:00,68.94,68.94,68.94,68.94
2022-03-16 13:46:00,69.05,69.03,69.03,69.05
2022-03-16 13:47:00,68.88,68.995,68.88,68.995
2022-03-16 13:48:00,68.86,68.86,68.86,68.86
2022-03-16 13:49:00,68.92,68.81,68.81,68.92
2022-03-16 13:50:00,68.92,68.81,68.81,68.92
2022-03-16 13:51:00,68.95,68.95,68.95,68.95
2022-03-16 13:52:00,68.9,68.9,68.9,68.9
2022-03-16 13:53:00,68.87,68.9,68.87,68.9
2022-03-16 13:54:00,68.89,68.89,68.89,68.89
2022-03-16 13:55:00,68.91,68.87,68.87,68.91
2022-03-16 13:56:00,68.98,68.9,68.9,68.98
2022-03-16 13:57:00,68.89,68.94,68.89,68.94
2022-03-16 13:58:00,68.85,68.87,68.85,68.87
2022-03-16 13:59:00,68.98,68.94,68.94,69.0
2022-03-16 14:00:00,68.86,68.94,68.86,68.94
2022-03-16 14:01:00,68.92,68.95,68.92,68.95
2022-03-16 14:02:00,69.0,69.0,69.0,69.0
2022-03-16 14:03:00,69.0,69.0,69.0,69.0
2022-03-16 14:04:00,69.05,69.05,69.05,69.05
2022-03-16 14:05:00,69.05,69.05,69.05,69.05
2022-03-16 14:06:00,68.96,68.96,68.96,68.96
2022-03-16 14:07:00,69.1,69.0,69.0,69.1
2022-03-16 14:08:00,69.17,69.19,69.17,69.2
2022-03-16 14:09:00,69.07,69.1,69.07,69.1
2022-03-16 14:10:00,69.1,69.1,69.1,69.1
2022-03-16 14:11:00,69.1,69.1,69.1,69.1
2022-03-16 14:12:00,68.92,69.13,68.92,69.13
2022-03-16 14:13:00,68.94,68.92,68.81,69.01
2022-03-16 14:14:00,69.07,68.93,68.92,69.07
2022-03-16 14:15:00,69.13,69.07,69.0,69.13
2022-03-16 14:16:00,69.13,69.15,69.13,69.15
2022-03-16 14:17:00,69.13,69.15,69.13,69.15
2022-03-16 14:18:00,68.77,68.93,68.77,68.93
2022-03-16 14:19:00,68.72,68.84,68.72,68.84
2022-03-16 14:20:00,68.68,68.71,68.66,68.71
2022-03-16 14:21:00,68.77,68.88,68.77,68.88
2022-03-16 14:22:00,68.77,68.88,68.77,68.88
2022-03-16 14:23:00,68.61,68.64,68.6,68.73
2022-03-16 14:24:00,68.57,68.65,68.57,68.65
2022-03-16 14:25:00,68.66,68.6,68.55,68.66
2022-03-16 14:26:00,68.64,68.75,68.64,68.75
2022-03-16 14:27:00,68.79,68.72,68.71,68.79
2022-03-16 14:28:00,68.77,68.75,68.73,68.81
2022-03-16 14:29:00,68.371,68.54,68.331,68.57
2022-03-16 14:30:00,68.22,68.26,68.22,68.33
2022-03-16 14:31:00,68.18,68.17,68.17,68.19
2022-03-16 14:32:00,68.11,68.29,68.1,68.29
2022-03-16 14:33:00,68.04,68.07,68.04,68.12
2022-03-16 14:34:00,68.05,68.03,67.939,68.15
2022-03-16 14:35:00,67.93,68.02,67.88,68.02
2022-03-16 14:36:00,67.97,68.03,67.97,68.03
2022-03-16 14:37:00,68.1,68.02,68.02,68.1
2022-03-16 14:38:00,68.01,68.03,67.96,68.03
2022-03-16 14:39:00,68.08,68.05,68.05,68.08
2022-03-16 14:40:00,68.16,68.13,68.13,68.16
2022-03-16 14:41:00,68.14,68.14,68.14,68.14
2022-03-16 14:42:00,68.13,68.13,68.13,68.13
2022-03-16 14:43:00,68.13,68.13,68.13,68.13
2022-03-16 14:44:00,68.32,68.4,68.32,68.4
2022-03-16 14:45:00,68.3,68.3,68.3,68.3
2022-03-16 14:46:00,68.36,68.36,68.36,68.36
2022-03-16 14:47:00,68.44,68.44,68.44,68.48
2022-03-16 14:48:00,68.44,68.44,68.44,68.48
2022-03-16 14:49:00,68.31,68.42,68.3,68.42
2022-03-16 14:50:00,68.23,68.24,68.23,68.24
2022-03-16 14:51:00,68.24,68.2,68.2,68.27
2022-03-16 14:52:00,68.23,68.2,68.14,68.23
2022-03-16 14:53:00,68.19,68.19,68.19,68.19
2022-03-16 14:54:00,68.08,68.175,68.08,68.175
2022-03-16 14:55:00,68.08,68.175,68.08,68.175
2022-03-16 14:56:00,68.01,68.09,68.01,68.12
2022-03-16 14:57:00,67.73,68.025,67.73,68.025
2022-03-16 14:58:00,67.73,68.025,67.73,68.025
2022-03-16 14:59:00,67.73,68.025,67.73,68.025
2022-03-16 15:00:00,68.16,68.16,68.16,68.16
2022-03-16 15:01:00,68.16,68.16,68.16,68.16
2022-03-16 15:02:00,68.29,68.29,68.29,68.29
2022-03-16 15:03:00,68.45,68.34,68.33,68.48
2022-03-16 15:04:00,68.47,68.46,68.43,68.48
2022-03-16 15:05:00,68.63,68.43,68.43,68.63
2022-03-16 15:06:00,68.65,68.61,68.5,68.65
2022-03-16 15:07:00,68.56,68.64,68.54,68.64
2022-03-16 15:08:00,68.56,68.59,68.56,68.59
2022-03-16 15:09:00,68.53,68.53,68.53,68.53
2022-03-16 15:10:00,68.52,68.52,68.52,68.52
2022-03-16 15:11:00,68.64,68.64,68.64,68.64
2022-03-16 15:12:00,68.56,68.58,68.56,68.58
2022-03-16 15:13:00,68.51,68.58,68.51,68.6
2022-03-16 15:14:00,68.67,68.57,68.57,68.71
2022-03-16 15:15:00,68.72,68.63,68.63,68.72
2022-03-16 15:16:00,68.72,68.63,68.63,68.72
2022-03-16 15:17:00,68.68,68.68,68.68,68.68
2022-03-16 15:18:00,68.7,68.64,68.64,68.7
2022-03-16 15:19:00,68.7,68.64,68.64,68.7
2022-03-16 15:20:00,68.69,68.71,68.69,68.71
2022-03-16 15:21:00,68.84,68.76,68.76,68.84
2022-03-16 15:22:00,68.88,68.9,68.88,68.95
2022-03-16 15:23:00,68.88,68.88,68.88,68.88
2022-03-16 15:24:00,68.91,68.92,68.91,68.92
2022-03-16 15:25:00,68.75,68.76,68.75,68.76
2022-03-16 15:26:00,68.75,68.75,68.74,68.75
2022-03-16 15:27:00,68.63,68.76,68.63,68.8
2022-03-16 15:28:00,68.7,68.7,68.7,68.7
2022-03-16 15:29:00,68.68,68.57,68.57,68.69
2022-03-16 15:30:00,68.61,68.69,68.61,68.69
2022-03-16 15:31:00,68.69,68.58,68.58,68.69
2022-03-16 15:32:00,68.66,68.67,68.65,68.67
2022-03-16 15:33:00,68.69,68.66,68.66,68.69
2022-03-16 15:34:00,68.65,68.66,68.64,68.66
2022-03-16 15:35:00,68.7,68.73,68.7,68.75
2022-03-16 15:36:00,68.69,68.69,68.69,68.69
2022-03-16 15:37:00,68.63,68.68,68.63,68.68
2022-03-16 15:38:00,68.64,68.63,68.62,68.64
2022-03-16 15:39:00,68.66,68.66,68.66,68.66
2022-03-16 15:40:00,68.61,68.68,68.61,68.68
2022-03-16 15:41:00,68.59,68.6,68.59,68.63
2022-03-16 15:42:00,68.55,68.55,68.55,68.55
2022-03-16 15:43:00,68.57,68.57,68.57,68.57
2022-03-16 15:44:00,68.54,68.54,68.54,68.54
2022-03-16 15:45:00,68.5,68.54,68.49,68.54
2022-03-16 15:46:00,68.42,68.43,68.42,68.46
2022-03-16 15:47:00,68.15,68.37,68.15,68.4
2022-03-16 15:48:00,68.14,68.15,68.1,68.21
2022-03-16 15:49:00,68.18,68.18,68.18,68.18
2022-03-16 15:50:00,68.0,68.05,67.97,68.05
2022-03-16 15:51:00,68.01,68.03,67.99,68.03
2022-03-16 15:52:00,68.07,68.02,68.02,68.12
2022-03-16 15:53:00,68.15,68.1,68.07,68.18
2022-03-16 15:54:00,68.26,68.19,68.18,68.3
2022-03-16 15:55:00,68.26,68.24,68.24,68.26
2022-03-16 15:56:00,68.35,68.26,68.25,68.4
2022-03-16 15:57:00,68.41,68.39,68.39,68.43
2022-03-16 15:58:00,68.34,68.43,68.27,68.435
2022-03-16 15:59:00,68.33,68.33,68.32,68.37
2022-03-16 16:00:00,68.28,68.34,68.2,68.35
2022-03-17 09:31:00,72.72,72.65,72.6,72.79
2022-03-17 09:32:00,72.65,72.75,72.65,72.8
2022-03-17 09:33:00,72.79,72.71,72.69,72.79
2022-03-17 09:34:00,72.87,72.77,72.76,72.87
2022-03-17 09:35:00,73.03,72.84,72.84,73.03
2022-03-17 09:36:00,73.09,73.15,73.09,73.22
2022-03-17 09:37:00,73.04,73.11,73.02,73.15
2022-03-17 09:38:00,73.01,73.0,72.98,73.06
2022-03-17 09:39:00,72.85,73.02,72.84,73.05
2022-03-17 09:40:00,72.96,72.93,72.93,72.99
2022-03-17 09:41:00,72.79,72.93,72.77,72.93
2022-03-17 09:42:00,72.82,72.84,72.82,72.84
2022-03-17 09:43:00,72.9,72.86,72.86,72.93
2022-03-17 09:44:00,72.91,72.9,72.83,72.91
2022-03-17 09:45:00,72.95,72.97,72.95,72.97
2022-03-17 09:46:00,72.84,72.95,72.84,72.95
2022-03-17 09:47:00,72.54,72.87,72.53,72.88
2022-03-17 09:48:00,72.555,72.52,72.39,72.58
2022-03-17 09:49:00,72.76,72.56,72.56,72.76
2022-03-17 09:50:00,72.62,72.65,72.53,72.65
2022-03-17 09:51:00,72.53,72.6,72.53,72.61
2022-03-17 09:52:00,72.73,72.5,72.5,72.73
2022-03-17 09:53:00,72.79,72.76,72.68,72.8
2022-03-17 09:54:00,72.81,72.745,72.745,72.81
2022-03-17 09:55:00,72.82,72.78,72.78,72.9
2022-03-17 09:56:00,72.9,72.89,72.89,72.95
2022-03-17 09:57:00,72.9,72.89,72.89,72.92
2022-03-17 09:58:00,72.92,72.93,72.92,72.95
2022-03-17 09:59:00,72.89,72.96,72.88,72.99
2022-03-17 10:00:00,72.7,72.88,72.7,72.88
2022-03-17 10:01:00,72.78,72.73,72.73,72.82
2022-03-17 10:02:00,72.76,72.78,72.75,72.78
2022-03-17 10:03:00,72.68,72.61,72.61,72.72
2022-03-17 10:04:00,72.89,72.87,72.87,72.89
2022-03-17 10:05:00,72.81,72.87,72.8,72.87
2022-03-17 10:06:00,72.83,72.85,72.83,72.87
2022-03-17 10:07:00,72.73,72.9,72.73,72.9
2022-03-17 10:08:00,72.7,72.79,72.68,72.79
2022-03-17 10:09:00,72.7,72.71,72.68,72.71
2022-03-17 10:10:00,72.55,72.64,72.55,72.66
2022-03-17 10:11:00,72.52,72.53,72.47,72.55
2022-03-17 10:12:00,72.64,72.54,72.47,72.64
2022-03-17 10:13:00,72.76,72.66,72.66,72.76
2022-03-17 10:14:00,72.62,72.71,72.6,72.75
2022-03-17 10:15:00,72.75,72.649,72.58,72.77
2022-03-17 10:16:00,72.78,72.87,72.78,72.87
2022-03-17 10:17:00,72.75,72.755,72.74,72.84
2022-03-17 10:18:00,72.76,72.82,72.76,72.82
2022-03-17 10:19:00,72.74,72.73,72.72,72.74
2022-03-17 10:20:00,72.83,72.89,72.83,72.92
2022-03-17 10:21:00,72.77,72.8,72.77,72.81
2022-03-17 10:22:00,72.71,72.74,72.63,72.78
2022-03-17 10:23:00,72.6,72.67,72.59,72.67
2022-03-17 10:24:00,72.76,72.74,72.74,72.76
2022-03-17 10:25:00,72.75,72.8,72.75,72.8
2022-03-17 10:26:00,72.89,72.89,72.89,72.89
2022-03-17 10:27:00,73.03,72.98,72.98,73.03
2022-03-17 10:28:00,72.98,73.03,72.94,73.03
2022-03-17 10:29:00,72.9,72.99,72.89,72.99
2022-03-17 10:30:00,72.95,72.96,72.95,72.96
2022-03-17 10:31:00,72.99,72.92,72.89,72.99
2022-03-17 10:32:00,72.75,72.91,72.75,72.91
2022-03-17 10:33:00,72.81,72.76,72.76,72.81
2022-03-17 10:34:00,72.77,72.79,72.77,72.79
2022-03-17 10:35:00,72.695,72.695,72.695,72.695
2022-03-17 10:36:00,72.88,72.67,72.67,72.88
2022-03-17 10:37:00,73.03,72.92,72.92,73.09
2022-03-17 10:38:00,73.1,73.03,73.03,73.1
2022-03-17 10:39:00,73.25,73.16,73.14,73.25
2022-03-17 10:40:00,73.19,73.18,73.16,73.19
2022-03-17 10:41:00,73.11,73.115,73.11,73.2
2022-03-17 10:42:00,73.24,73.134,73.134,73.24
2022-03-17 10:43:00,73.22,73.18,73.15,73.22
2022-03-17 10:44:00,73.41,73.28,73.28,73.44
2022-03-17 10:45:00,73.45,73.4,73.4,73.45
2022-03-17 10:46:00,73.42,73.41,73.41,73.45
2022-03-17 10:47:00,73.37,73.42,73.36,73.43
2022-03-17 10:48:00,73.48,73.39,73.39,73.48
2022-03-17 10:49:00,73.48,73.48,73.48,73.65
2022-03-17 10:50:00,73.24,73.41,73.24,73.41
2022-03-17 10:51:00,73.3,73.28,73.28,73.33
2022-03-17 10:52:00,73.32,73.31,73.31,73.32
2022-03-17 10:53:00,73.34,73.25,73.25,73.34
2022-03-17 10:54:00,73.35,73.365,73.35,73.38
2022-03-17 10:55:00,73.38,73.38,73.38,73.38
2022-03-17 10:56:00,73.23,73.33,73.23,73.37
2022-03-17 10:57:00,73.33,73.25,73.25,73.33
2022-03-17 10:58:00,73.38,73.38,73.38,73.38
2022-03-17 10:59:00,73.38,73.41,73.38,73.41
2022-03-17 11:00:00,73.35,73.41,73.34,73.41
2022-03-17 11:01:00,73.36,73.4,73.36,73.4
2022-03-17 11:02:00,73.44,73.44,73.44,73.44
2022-03-17 11:03:00,73.39,73.42,73.39,73.45
2022-03-17 11:04:00,73.4,73.44,73.4,73.44
2022-03-17 11:05:00,73.21,73.38,73.18,73.38
2022-03-17 11:06:00,73.22,73.22,73.22,73.22
2022-03-17 11:07:00,73.22,73.22,73.22,73.22
2022-03-17 11:08:00,73.27,73.27,73.27,73.27
2022-03-17 11:09:00,73.1,73.1,73.1,73.12
2022-03-17 11:10:00,73.11,73.1,73.1,73.11
2022-03-17 11:11:00,73.19,73.18,73.18,73.19
2022-03-17 11:12:00,73.06,73.11,73.06,73.11
2022-03-17 11:13:00,73.14,73.05,73.05,73.16
2022-03-17 11:14:00,73.14,73.14,73.14,73.14
2022-03-17 11:15:00,73.15,73.16,73.15,73.16
2022-03-17 11:16:00,73.13,73.13,73.13,73.13
2022-03-17 11:17:00,73.08,73.08,73.08,73.08
2022-03-17 11:18:00,73.22,73.22,73.22,73.22
2022-03-17 11:19:00,73.22,73.22,73.22,73.22
2022-03-17 11:20:00,73.315,73.315,73.315,73.315
2022-03-17 11:21:00,73.37,73.28,73.28,73.37
2022-03-17 11:22:00,73.33,73.36,73.33,73.38
2022-03-17 11:23:00,73.39,73.38,73.38,73.39
2022-03-17 11:24:00,73.38,73.38,73.38,73.38
2022-03-17 11:25:00,73.4,73.42,73.4,73.42
2022-03-17 11:26:00,73.334,73.3,73.3,73.334
2022-03-17 11:27:00,73.43,73.42,73.42,73.43
2022-03-17 11:28:00,73.47,73.43,73.43,73.47
2022-03-17 11:29:00,73.4,73.4,73.4,73.4
2022-03-17 11:30:00,73.39,73.38,73.38,73.39
2022-03-17 11:31:00,73.3,73.27,73.26,73.33
2022-03-17 11:32:00,73.27,73.27,73.23,73.28
2022-03-17 11:33:00,73.27,73.27,73.23,73.28
2022-03-17 11:34:00,73.21,73.23,73.21,73.24
2022-03-17 11:35:00,73.06,73.13,73.02,73.13
2022-03-17 11:36:00,73.1,73.065,73.065,73.13
2022-03-17 11:37:00,73.0,73.09,72.99,73.09
2022-03-17 11:38:00,72.99,72.95,72.95,72.99
2022-03-17 11:39:00,72.96,73.0,72.96,73.0
2022-03-17 11:40:00,73.12,73.03,73.03,73.15
2022-03-17 11:41:00,73.09,73.09,73.09,73.09
2022-03-17 11:42:00,73.16,73.14,73.14,73.16
2022-03-17 11:43:00,73.16,73.17,73.16,73.17
2022-03-17 11:44:00,73.25,73.25,73.25,73.25
2022-03-17 11:45:00,73.47,73.39,73.39,73.48
2022-03-17 11:46:00,73.41,73.44,73.41,73.44
2022-03-17 11:47:00,73.51,73.46,73.45,73.53
2022-03-17 11:48:00,73.52,73.504,73.501,73.53
2022-03-17 11:49:00,73.54,73.52,73.52,73.54
2022-03-17 11:50:00,73.52,73.52,73.52,73.52
2022-03-17 11:51:00,73.56,73.56,73.53,73.59
2022-03-17 11:52:00,73.49,73.56,73.49,73.57
2022-03-17 11:53:00,73.54,73.52,73.52,73.541
2022-03-17 11:54:00,73.53,73.56,73.53,73.56
2022-03-17 11:55:00,73.51,73.58,73.51,73.58
2022-03-17 11:56:00,73.52,73.52,73.52,73.52
2022-03-17 11:57:00,73.76,73.52,73.52,73.76
2022-03-17 11:58:00,73.85,73.77,73.77,73.9
2022-03-17 11:59:00,73.84,73.85,73.84,73.86
2022-03-17 12:00:00,73.84,73.92,73.84,73.92
2022-03-17 12:01:00,73.76,73.84,73.71,73.84
2022-03-17 12:02:00,73.76,73.84,73.71,73.84
2022-03-17 12:03:00,73.6,73.68,73.6,73.68
2022-03-17 12:04:00,73.71,73.62,73.62,73.71
2022-03-17 12:05:00,73.63,73.69,73.6,73.69
2022-03-17 12:06:00,73.63,73.69,73.6,73.69
2022-03-17 12:07:00,73.58,73.58,73.58,73.58
2022-03-17 12:08:00,73.51,73.65,73.49,73.65
2022-03-17 12:09:00,73.65,73.64,73.64,73.65
2022-03-17 12:10:00,73.7,73.69,73.65,73.73
2022-03-17 12:11:00,73.68,73.69,73.68,73.69
2022-03-17 12:12:00,73.55,73.53,73.47,73.58
2022-03-17 12:13:00,73.55,73.53,73.47,73.58
2022-03-17 12:14:00,73.63,73.62,73.62,73.63
2022-03-17 12:15:00,73.65,73.65,73.65,73.66
2022-03-17 12:16:00,73.78,73.66,73.65,73.78
2022-03-17 12:17:00,73.8,73.8,73.8,73.8
2022-03-17 12:18:00,73.78,73.78,73.78,73.78
2022-03-17 12:19:00,73.78,73.78,73.78,73.78
2022-03-17 12:20:00,73.87,73.79,73.78,73.94
2022-03-17 12:21:00,73.77,73.83,73.68,73.83
2022-03-17 12:22:00,73.77,73.83,73.68,73.83
2022-03-17 12:23:00,73.6,73.65,73.6,73.65
2022-03-17 12:24:00,73.62,73.63,73.59,73.63
2022-03-17 12:25:00,73.74,73.72,73.7,73.74
2022-03-17 12:26:00,73.76,73.76,73.76,73.76
2022-03-17 12:27:00,73.87,73.86,73.86,73.87
2022-03-17 12:28:00,73.87,73.86,73.86,73.87
2022-03-17 12:29:00,73.8,73.74,73.74,73.8
2022-03-17 12:30:00,73.65,73.71,73.57,73.71
2022-03-17 12:31:00,73.57,73.59,73.57,73.59
2022-03-17 12:32:00,73.61,73.61,73.61,73.61
2022-03-17 12:33:00,73.45,73.6,73.45,73.65
2022-03-17 12:34:00,73.4,73.37,73.36,73.41
2022-03-17 12:35:00,73.4,73.37,73.36,73.41
2022-03-17 12:36:00,73.4,73.37,73.36,73.41
2022-03-17 12:37:00,73.68,73.68,73.68,73.68
2022-03-17 12:38:00,73.5,73.65,73.5,73.65
2022-03-17 12:39:00,73.39,73.43,73.39,73.43
2022-03-17 12:40:00,73.48,73.46,73.46,73.48
2022-03-17 12:41:00,73.36,73.35,73.35,73.38
2022-03-17 12:42:00,73.4,73.39,73.39,73.4
2022-03-17 12:43:00,73.35,73.33,73.33,73.36
2022-03-17 12:44:00,73.37,73.36,73.36,73.37
2022-03-17 12:45:00,73.42,73.42,73.42,73.42
2022-03-17 12:46:00,73.45,73.45,73.45,73.45
2022-03-17 12:47:00,73.42,73.41,73.41,73.42
2022-03-17 12:48:00,73.42,73.42,73.42,73.42
2022-03-17 12:49:00,73.43,73.41,73.38,73.47
2022-03-17 12:50:00,73.48,73.48,73.48,73.49
2022-03-17 12:51:00,73.42,73.42,73.42,73.42
2022-03-17 12:52:00,73.33,73.4,73.33,73.4
2022-03-17 12:53:00,73.24,73.24,73.24,73.24
2022-03-17 12:54:00,73.335,73.33,73.33,73.335
2022-03-17 12:55:00,73.335,73.33,73.33,73.335
2022-03-17 12:56:00,73.26,73.3,73.26,73.31
2022-03-17 12:57:00,73.26,73.3,73.26,73.31
2022-03-17 12:58:00,73.21,73.23,73.21,73.23
2022-03-17 12:59:00,73.241,73.241,73.241,73.241
2022-03-17 13:00:00,73.2,73.2,73.2,73.2
2022-03-17 13:01:00,73.21,73.19,73.13,73.21
2022-03-17 13:02:00,73.29,73.22,73.21,73.29
2022-03-17 13:03:00,73.39,73.36,73.35,73.4
2022-03-17 13:04:00,73.44,73.44,73.44,73.44
2022-03-17 13:05:00,73.5,73.5,73.5,73.5
2022-03-17 13:06:00,73.48,73.49,73.48,73.49
2022-03-17 13:07:00,73.5,73.49,73.49,73.5
2022-03-17 13:08:00,73.5,73.49,73.49,73.5
2022-03-17 13:09:00,73.48,73.5,73.45,73.51
2022-03-17 13:10:00,73.48,73.5,73.45,73.51
2022-03-17 13:11:00,73.63,73.63,73.63,73.63
2022-03-17 13:12:00,73.62,73.62,73.62,73.62
2022-03-17 13:13:00,73.62,73.62,73.62,73.62
2022-03-17 13:14:00,73.53,73.53,73.53,73.53
2022-03-17 13:15:00,73.48,73.52,73.46,73.525
2022-03-17 13:16:00,73.61,73.526,73.5,73.61
2022-03-17 13:17:00,73.61,73.6,73.56,73.65
2022-03-17 13:18:00,73.65,73.6,73.6,73.66
2022-03-17 13:19:00,73.69,73.71,73.69,73.71
2022-03-17 13:20:00,73.75,73.74,73.74,73.75
2022-03-17 13:21:00,73.71,73.74,73.71,73.74
2022-03-17 13:22:00,73.72,73.72,73.72,73.72
2022-03-17 13:23:00,73.72,73.72,73.72,73.72
2022-03-17 13:24:00,73.73,73.715,73.715,73.73
2022-03-17 13:25:00,73.55,73.65,73.54,73.65
2022-03-17 13:26:00,73.55,73.65,73.54,73.65
2022-03-17 13:27:00,73.42,73.47,73.42,73.47
2022-03-17 13:28:00,73.41,73.405,73.405,73.41
2022-03-17 13:29:00,73.42,73.42,73.42,73.42
2022-03-17 13:30:00,73.34,73.4,73.34,73.42
2022-03-17 13:31:00,73.45,73.44,73.44,73.46
2022-03-17 13:32:00,73.59,73.4,73.4,73.6
2022-03-17 13:33:00,73.54,73.58,73.52,73.58
2022-03-17 13:34:00,73.58,73.54,73.52,73.58
2022-03-17 13:35:00,73.58,73.58,73.58,73.58
2022-03-17 13:36:00,73.46,73.53,73.46,73.53
2022-03-17 13:37:00,73.47,73.47,73.47,73.47
2022-03-17 13:38:00,73.46,73.46,73.45,73.49
2022-03-17 13:39:00,73.46,73.46,73.46,73.46
2022-03-17 13:40:00,73.57,73.57,73.57,73.57
2022-03-17 13:41:00,73.77,73.71,73.71,73.77
2022-03-17 13:42:00,73.68,73.68,73.68,73.68
2022-03-17 13:43:00,73.68,73.68,73.68,73.68
2022-03-17 13:44:00,73.46,73.46,73.46,73.46
2022-03-17 13:45:00,73.43,73.45,73.43,73.45
2022-03-17 13:46:00,73.43,73.45,73.43,73.45
2022-03-17 13:47:00,73.43,73.445,73.43,73.445
2022-03-17 13:48:00,73.43,73.445,73.43,73.445
2022-03-17 13:49:00,73.47,73.43,73.43,73.47
2022-03-17 13:50:00,73.45,73.44,73.44,73.46
2022-03-17 13:51:00,73.43,73.41,73.41,73.44
2022-03-17 13:52:00,73.31,73.31,73.31,73.31
2022-03-17 13:53:00,73.49,73.5,73.49,73.5
2022-03-17 13:54:00,73.5,73.5,73.5,73.5
2022-03-17 13:55:00,73.55,73.5,73.5,73.55
2022-03-17 13:56:00,73.56,73.59,73.54,73.59
2022-03-17 13:57:00,73.45,73.36,73.36,73.45
2022-03-17 13:58:00,73.48,73.48,73.48,73.48
2022-03-17 13:59:00,73.63,73.58,73.58,73.63
2022-03-17 14:00:00,73.66,73.69,73.64,73.69
2022-03-17 14:01:00,73.5,73.57,73.5,73.59
2022-03-17 14:02:00,73.41,73.4,73.4,73.41
2022-03-17 14:03:00,73.38,73.37,73.37,73.39
2022-03-17 14:04:00,73.41,73.4,73.39,73.41
2022-03-17 14:05:00,73.39,73.39,73.39,73.39
2022-03-17 14:06:00,73.42,73.51,73.42,73.51
2022-03-17 14:07:00,73.43,73.43,73.43,73.43
2022-03-17 14:08:00,73.53,73.53,73.53,73.53
2022-03-17 14:09:00,73.51,73.51,73.51,73.51
2022-03-17 14:10:00,73.51,73.51,73.51,73.51
2022-03-17 14:11:00,73.515,73.51,73.51,73.515
2022-03-17 14:12:00,73.52,73.575,73.52,73.59
2022-03-17 14:13:00,73.52,73.575,73.52,73.59
2022-03-17 14:14:00,73.63,73.53,73.53,73.63
2022-03-17 14:15:00,73.635,73.635,73.635,73.635
2022-03-17 14:16:00,73.515,73.59,73.515,73.59
2022-03-17 14:17:00,73.57,73.56,73.56,73.61
2022-03-17 14:18:00,73.61,73.62,73.61,73.62
2022-03-17 14:19:00,73.77,73.61,73.61,73.8
2022-03-17 14:20:00,73.78,73.79,73.75,73.81
2022-03-17 14:21:00,73.88,73.77,73.77,73.88
2022-03-17 14:22:00,73.89,73.89,73.89,73.89
2022-03-17 14:23:00,73.76,73.84,73.67,73.84
2022-03-17 14:24:00,73.76,73.84,73.67,73.84
2022-03-17 14:25:00,73.76,73.76,73.76,73.76
2022-03-17 14:26:00,73.67,73.64,73.64,73.67
2022-03-17 14:27:00,73.7,73.7,73.7,73.7
2022-03-17 14:28:00,73.75,73.75,73.75,73.75
2022-03-17 14:29:00,73.8,73.67,73.66,73.8
2022-03-17 14:30:00,73.82,73.78,73.78,73.82
2022-03-17 14:31:00,73.94,73.82,73.82,73.94
2022-03-17 14:32:00,74.126,73.98,73.98,74.23
2022-03-17 14:33:00,73.98,74.13,73.98,74.13
2022-03-17 14:34:00,73.98,73.97,73.97,74.09
2022-03-17 14:35:00,74.0,74.0,74.0,74.0
2022-03-17 14:36:00,74.01,74.01,74.01,74.01
2022-03-17 14:37:00,74.06,74.07,74.04,74.07
2022-03-17 14:38:00,74.05,74.05,74.05,74.05
2022-03-17 14:39:00,74.15,74.08,74.07,74.15
2022-03-17 14:40:00,74.13,74.15,74.13,74.16
2022-03-17 14:41:00,74.12,74.17,74.12,74.17
2022-03-17 14:42:00,74.08,74.05,74.05,74.08
2022-03-17 14:43:00,74.06,74.06,74.06,74.06
2022-03-17 14:44:00,74.06,74.06,74.06,74.06
2022-03-17 14:45:00,74.08,74.08,74.08,74.08
2022-03-17 14:46:00,74.074,74.074,74.074,74.074
2022-03-17 14:47:00,74.1,74.1,74.1,74.1
2022-03-17 14:48:00,74.1,74.1,74.1,74.1
2022-03-17 14:49:00,74.23,74.265,74.23,74.265
2022-03-17 14:50:00,74.15,74.2,74.15,74.2
2022-03-17 14:51:00,74.165,74.17,74.165,74.175
2022-03-17 14:52:00,74.22,74.175,74.175,74.22
2022-03-17 14:53:00,74.04,74.17,74.02,74.2
2022-03-17 14:54:00,74.07,74.04,74.04,74.07
2022-03-17 14:55:00,74.25,74.148,74.148,74.25
2022-03-17 14:56:00,74.21,74.19,74.19,74.23
2022-03-17 14:57:00,74.2,74.2,74.2,74.2
2022-03-17 14:58:00,74.2,74.2,74.2,74.2
2022-03-17 14:59:00,74.2,74.2,74.2,74.2
2022-03-17 15:00:00,74.25,74.205,74.205,74.25
2022-03-17 15:01:00,74.25,74.205,74.205,74.25
2022-03-17 15:02:00,74.172,74.172,74.172,74.172
2022-03-17 15:03:00,74.172,74.172,74.172,74.172
2022-03-17 15:04:00,74.172,74.172,74.172,74.172
2022-03-17 15:05:00,74.35,74.35,74.35,74.36
2022-03-17 15:06:00,74.44,74.36,74.35,74.44
2022-03-17 15:07:00,74.38,74.37,74.34,74.38
2022-03-17 15:08:00,74.43,74.4,74.37,74.43
2022-03-17 15:09:00,74.44,74.43,74.43,74.44
2022-03-17 15:10:00,74.41,74.42,74.4,74.42
2022-03-17 15:11:00,74.42,74.43,74.42,74.43
2022-03-17 15:12:00,74.39,74.4,74.39,74.42
2022-03-17 15:13:00,74.43,74.4,74.4,74.43
2022-03-17 15:14:00,74.43,74.4,74.4,74.43
2022-03-17 15:15:00,74.4,74.4,74.4,74.4
2022-03-17 15:16:00,74.41,74.42,74.41,74.42
2022-03-17 15:17:00,74.23,74.34,74.23,74.34
2022-03-17 15:18:00,74.28,74.28,74.28,74.28
2022-03-17 15:19:00,74.28,74.28,74.28,74.28
2022-03-17 15:20:00,74.23,74.28,74.21,74.28
2022-03-17 15:21:00,74.201,74.21,74.19,74.22
2022-03-17 15:22:00,74.18,74.23,74.17,74.23
2022-03-17 15:23:00,74.2,74.2,74.2,74.2
2022-03-17 15:24:00,74.111,74.111,74.111,74.111
2022-03-17 15:25:00,74.111,74.111,74.111,74.111
2022-03-17 15:26:00,74.13,74.13,74.13,74.13
2022-03-17 15:27:00,74.16,74.14,74.14,74.16
2022-03-17 15:28:00,74.17,74.17,74.17,74.17
2022-03-17 15:29:00,74.08,74.08,74.06,74.08
2022-03-17 15:30:00,74.06,74.06,74.06,74.06
2022-03-17 15:31:00,74.02,74.045,74.02,74.045
2022-03-17 15:32:00,74.01,74.05,74.01,74.06
2022-03-17 15:33:00,74.06,74.02,74.0,74.06
2022-03-17 15:34:00,74.01,74.07,73.96,74.07
2022-03-17 15:35:00,73.97,74.03,73.97,74.03
2022-03-17 15:36:00,74.01,74.02,74.0,74.02
2022-03-17 15:37:00,73.99,74.0,73.99,74.005
2022-03-17 15:38:00,74.001,74.001,74.001,74.001
2022-03-17 15:39:00,74.01,74.0,73.98,74.01
2022-03-17 15:40:00,73.98,74.0,73.98,74.0
2022-03-17 15:41:00,73.9,73.96,73.9,73.975
2022-03-17 15:42:00,73.975,73.92,73.92,73.975
2022-03-17 15:43:00,74.01,73.99,73.99,74.04
2022-03-17 15:44:00,74.02,74.01,73.995,74.025
2022-03-17 15:45:00,74.015,74.0,73.99,74.02
2022-03-17 15:46:00,74.0,74.01,74.0,74.06
2022-03-17 15:47:00,74.03,74.01,74.0,74.05
2022-03-17 15:48:00,73.98,74.0,73.98,74.01
2022-03-17 15:49:00,73.97,74.0,73.96,74.0
2022-03-17 15:50:00,73.99,73.98,73.95,73.99
2022-03-17 15:51:00,73.97,73.98,73.93,74.0
2022-03-17 15:52:00,73.97,73.97,73.93,73.99
2022-03-17 15:53:00,73.98,73.98,73.96,73.99
2022-03-17 15:54:00,73.91,73.97,73.91,73.97
2022-03-17 15:55:00,73.89,73.91,73.87,73.925
2022-03-17 15:56:00,73.825,73.88,73.8,73.89
2022-03-17 15:57:00,73.81,73.81,73.785,73.86
2022-03-17 15:58:00,73.82,73.81,73.8,73.83
2022-03-17 15:59:00,73.74,73.82,73.7,73.83
2022-03-17 16:00:00,73.68,73.75,73.67,73.76
2022-03-18 09:31:00,74.4,74.25,74.25,74.48
2022-03-18 09:32:00,74.36,74.4,74.36,74.44
2022-03-18 09:33:00,74.47,74.33,74.33,74.47
2022-03-18 09:34:00,74.55,74.44,74.39,74.55
2022-03-18 09:35:00,74.67,74.59,74.58,74.75
2022-03-18 09:36:00,74.57,74.67,74.57,74.67
2022-03-18 09:37:00,74.56,74.63,74.56,74.64
2022-03-18 09:38:00,74.56,74.64,74.56,74.64
2022-03-18 09:39:00,74.58,74.59,74.58,74.6
2022-03-18 09:40:00,74.69,74.685,74.64,74.73
2022-03-18 09:41:00,74.65,74.65,74.65,74.65
2022-03-18 09:42:00,74.53,74.59,74.53,74.619
2022-03-18 09:43:00,74.64,74.619,74.54,74.64
2022-03-18 09:44:00,74.78,74.7,74.7,74.8
2022-03-18 09:45:00,74.72,74.8,74.72,74.8
2022-03-18 09:46:00,74.52,74.65,74.48,74.65
2022-03-18 09:47:00,74.36,74.37,74.36,74.39
2022-03-18 09:48:00,74.33,74.42,74.32,74.42
2022-03-18 09:49:00,74.33,74.34,74.33,74.34
2022-03-18 09:50:00,74.25,74.25,74.25,74.29
2022-03-18 09:51:00,74.1,74.26,74.1,74.27
2022-03-18 09:52:00,74.09,74.08,74.07,74.09
2022-03-18 09:53:00,74.08,74.08,74.08,74.08
2022-03-18 09:54:00,74.12,74.11,74.11,74.12
2022-03-18 09:55:00,74.12,74.09,74.07,74.12
2022-03-18 09:56:00,73.86,74.04,73.86,74.04
2022-03-18 09:57:00,73.87,73.83,73.78,73.87
2022-03-18 09:58:00,73.98,73.98,73.98,73.99
2022-03-18 09:59:00,73.98,73.98,73.98,73.99
2022-03-18 10:00:00,73.62,73.9,73.61,73.9
2022-03-18 10:01:00,73.8,73.73,73.72,73.81
2022-03-18 10:02:00,73.59,73.59,73.58,73.59
2022-03-18 10:03:00,73.72,73.71,73.71,73.72
2022-03-18 10:04:00,73.91,73.885,73.885,73.92
2022-03-18 10:05:00,73.78,73.78,73.78,73.78
2022-03-18 10:06:00,73.82,73.84,73.8,73.84
2022-03-18 10:07:00,73.71,73.85,73.71,73.85
2022-03-18 10:08:00,74.17,73.77,73.77,74.17
2022-03-18 10:09:00,74.07,74.14,74.07,74.14
2022-03-18 10:10:00,74.2,74.1,74.1,74.2
2022-03-18 10:11:00,74.28,74.11,74.11,74.31
2022-03-18 10:12:00,74.03,74.2,74.03,74.2
2022-03-18 10:13:00,74.06,74.02,73.93,74.07
2022-03-18 10:14:00,74.2,74.22,74.18,74.22
2022-03-18 10:15:00,74.26,74.15,74.15,74.26
2022-03-18 10:16:00,74.27,74.23,74.2,74.27
2022-03-18 10:17:00,74.42,74.25,74.25,74.42
2022-03-18 10:18:00,74.34,74.39,74.34,74.39
2022-03-18 10:19:00,74.3,74.43,74.28,74.43
2022-03-18 10:20:00,74.3,74.43,74.28,74.43
2022-03-18 10:21:00,74.16,74.15,74.14,74.16
2022-03-18 10:22:00,74.07,74.08,74.07,74.08
2022-03-18 10:23:00,73.95,74.06,73.95,74.06
2022-03-18 10:24:00,74.01,74.0,74.0,74.01
2022-03-18 10:25:00,74.19,74.1,74.1,74.19
2022-03-18 10:26:00,74.16,74.21,74.16,74.22
2022-03-18 10:27:00,74.27,74.29,74.27,74.29
2022-03-18 10:28:00,74.3,74.38,74.3,74.4
2022-03-18 10:29:00,74.26,74.26,74.26,74.28
2022-03-18 10:30:00,74.33,74.3,74.3,74.33
2022-03-18 10:31:00,74.33,74.3,74.3,74.33
2022-03-18 10:32:00,74.33,74.3,74.3,74.33
2022-03-18 10:33:00,74.21,74.2,74.2,74.21
2022-03-18 10:34:00,74.22,74.22,74.22,74.22
2022-03-18 10:35:00,74.3,74.3,74.3,74.3
2022-03-18 10:36:00,74.3,74.3,74.3,74.3
2022-03-18 10:37:00,74.3,74.3,74.3,74.3
2022-03-18 10:38:00,74.31,74.35,74.31,74.35
2022-03-18 10:39:00,74.4,74.4,74.4,74.4
2022-03-18 10:40:00,74.4,74.4,74.4,74.4
2022-03-18 10:41:00,74.48,74.48,74.48,74.48
2022-03-18 10:42:00,74.48,74.48,74.48,74.48
2022-03-18 10:43:00,74.48,74.48,74.48,74.48
2022-03-18 10:44:00,74.48,74.48,74.48,74.48
2022-03-18 10:45:00,74.27,74.4,74.27,74.4
2022-03-18 10:46:00,74.27,74.4,74.27,74.4
2022-03-18 10:47:00,74.19,74.19,74.19,74.19
2022-03-18 10:48:00,74.26,74.26,74.25,74.26
2022-03-18 10:49:00,74.16,74.23,74.16,74.23
2022-03-18 10:50:00,74.16,74.23,74.16,74.23
2022-03-18 10:51:00,74.16,74.23,74.16,74.23
2022-03-18 10:52:00,74.47,74.47,74.47,74.47
2022-03-18 10:53:00,74.34,74.33,74.33,74.34
2022-03-18 10:54:00,74.34,74.33,74.33,74.34
2022-03-18 10:55:00,74.34,74.33,74.33,74.34
2022-03-18 10:56:00,74.34,74.33,74.33,74.34
2022-03-18 10:57:00,74.28,74.24,74.23,74.28
2022-03-18 10:58:00,74.28,74.24,74.23,74.28
2022-03-18 10:59:00,74.2,74.21,74.2,74.21
2022-03-18 11:00:00,74.24,74.24,74.24,74.24
2022-03-18 11:01:00,74.17,74.17,74.17,74.17
2022-03-18 11:02:00,74.03,74.13,74.03,74.13
2022-03-18 11:03:00,73.97,73.96,73.93,73.97
2022-03-18 11:04:00,73.97,73.96,73.93,73.97
2022-03-18 11:05:00,74.01,74.01,74.01,74.01
2022-03-18 11:06:00,74.03,74.03,74.03,74.03
2022-03-18 11:07:00,73.93,73.93,73.92,73.94
2022-03-18 11:08:00,73.9,73.9,73.89,73.91
2022-03-18 11:09:00,73.86,73.84,73.84,73.86
2022-03-18 11:10:00,73.84,73.87,73.84,73.87
2022-03-18 11:11:00,73.85,73.85,73.85,73.85
2022-03-18 11:12:00,73.99,73.96,73.94,73.99
2022-03-18 11:13:00,73.95,73.99,73.95,74.04
2022-03-18 11:14:00,73.9,73.86,73.86,73.9
2022-03-18 11:15:00,73.93,73.93,73.93,73.93
2022-03-18 11:16:00,73.93,73.93,73.93,73.93
2022-03-18 11:17:00,74.15,74.13,74.13,74.15
2022-03-18 11:18:00,74.08,74.08,74.08,74.08
2022-03-18 11:19:00,74.15,74.185,74.15,74.185
2022-03-18 11:20:00,74.15,74.185,74.15,74.185
2022-03-18 11:21:00,74.04,74.15,74.03,74.15
2022-03-18 11:22:00,74.1,74.1,74.1,74.1
2022-03-18 11:23:00,74.0,73.98,73.98,74.03
2022-03-18 11:24:00,73.91,73.99,73.91,73.99
2022-03-18 11:25:00,73.96,73.96,73.96,73.96
2022-03-18 11:26:00,73.88,73.96,73.88,74.03
2022-03-18 11:27:00,73.91,73.91,73.91,73.91
2022-03-18 11:28:00,73.89,73.86,73.86,73.89
2022-03-18 11:29:00,73.89,73.86,73.86,73.89
2022-03-18 11:30:00,73.85,73.89,73.85,73.89
2022-03-18 11:31:00,73.91,73.91,73.91,73.91
2022-03-18 11:32:00,73.91,73.91,73.91,73.91
2022-03-18 11:33:00,73.86,73.91,73.86,73.91
2022-03-18 11:34:00,73.86,73.91,73.86,73.91
2022-03-18 11:35:00,73.94,73.94,73.94,73.94
2022-03-18 11:36:00,74.051,74.0,74.0,74.051
2022-03-18 11:37:00,73.82,74.09,73.77,74.09
2022-03-18 11:38:00,73.82,74.09,73.77,74.09
2022-03-18 11:39:00,73.85,73.71,73.71,73.85
2022-03-18 11:40:00,74.0,73.8,73.8,74.01
2022-03-18 11:41:00,73.89,73.92,73.89,73.96
2022-03-18 11:42:00,73.89,73.92,73.89,73.96
2022-03-18 11:43:00,73.86,73.87,73.86,73.87
2022-03-18 11:44:00,73.95,73.83,73.83,73.95
2022-03-18 11:45:00,74.06,73.96,73.92,74.06
2022-03-18 11:46:00,74.06,73.96,73.92,74.06
2022-03-18 11:47:00,74.21,74.18,74.18,74.21
2022-03-18 11:48:00,74.2,74.2,74.2,74.2
2022-03-18 11:49:00,74.17,74.17,74.17,74.17
2022-03-18 11:50:00,74.17,74.17,74.17,74.17
2022-03-18 11:51:00,74.29,74.28,74.28,74.29
2022-03-18 11:52:00,74.29,74.26,74.26,74.29
2022-03-18 11:53:00,74.28,74.29,74.28,74.29
2022-03-18 11:54:00,74.4,74.35,74.35,74.4
2022-03-18 11:55:00,74.44,74.42,74.42,74.46
2022-03-18 11:56:00,74.44,74.42,74.42,74.46
2022-03-18 11:57:00,74.35,74.35,74.35,74.35
2022-03-18 11:58:00,74.35,74.35,74.35,74.35
2022-03-18 11:59:00,74.3,74.3,74.3,74.3
2022-03-18 12:00:00,74.3,74.3,74.3,74.3
2022-03-18 12:01:00,74.29,74.29,74.29,74.29
2022-03-18 12:02:00,74.14,74.14,74.14,74.14
2022-03-18 12:03:00,74.28,74.28,74.28,74.28
2022-03-18 12:04:00,74.29,74.29,74.29,74.29
2022-03-18 12:05:00,74.35,74.25,74.25,74.35
2022-03-18 12:06:00,74.25,74.25,74.25,74.25
2022-03-18 12:07:00,74.5,74.39,74.39,74.5
2022-03-18 12:08:00,74.46,74.489,74.45,74.489
2022-03-18 12:09:00,74.47,74.53,74.45,74.53
2022-03-18 12:10:00,74.48,74.5,74.48,74.51
2022-03-18 12:11:00,74.435,74.47,74.435,74.47
2022-03-18 12:12:00,74.46,74.49,74.46,74.51
2022-03-18 12:13:00,74.46,74.49,74.46,74.49
2022-03-18 12:14:00,74.62,74.51,74.51,74.62
2022-03-18 12:15:00,74.7,74.63,74.63,74.7
2022-03-18 12:16:00,74.7,74.63,74.63,74.7
2022-03-18 12:17:00,74.675,74.61,74.61,74.675
2022-03-18 12:18:00,74.675,74.61,74.61,74.675
2022-03-18 12:19:00,74.64,74.66,74.64,74.66
2022-03-18 12:20:00,74.59,74.62,74.59,74.65
2022-03-18 12:21:00,74.66,74.62,74.62,74.66
2022-03-18 12:22:00,74.7,74.7,74.7,74.7
2022-03-18 12:23:00,74.7,74.7,74.7,74.7
2022-03-18 12:24:00,74.66,74.65,74.63,74.66
2022-03-18 12:25:00,74.69,74.66,74.61,74.69
2022-03-18 12:26:00,74.69,74.69,74.69,74.69
2022-03-18 12:27:00,74.56,74.6,74.56,74.6
2022-03-18 12:28:00,74.54,74.59,74.54,74.62
2022-03-18 12:29:00,74.43,74.51,74.4,74.51
2022-03-18 12:30:00,74.33,74.45,74.33,74.45
2022-03-18 12:31:00,74.35,74.415,74.35,74.415
2022-03-18 12:32:00,74.35,74.415,74.35,74.415
2022-03-18 12:33:00,74.37,74.37,74.37,74.37
2022-03-18 12:34:00,74.4,74.4,74.4,74.4
2022-03-18 12:35:00,74.4,74.4,74.4,74.4
2022-03-18 12:36:00,74.31,74.31,74.31,74.31
2022-03-18 12:37:00,74.33,74.33,74.33,74.33
2022-03-18 12:38:00,74.33,74.33,74.33,74.33
2022-03-18 12:39:00,74.39,74.36,74.36,74.39
2022-03-18 12:40:00,74.44,74.43,74.43,74.44
2022-03-18 12:41:00,74.5,74.49,74.49,74.5
2022-03-18 12:42:00,74.51,74.49,74.49,74.51
2022-03-18 12:43:00,74.49,74.5,74.49,74.5
2022-03-18 12:44:00,74.49,74.5,74.49,74.5
2022-03-18 12:45:00,74.49,74.5,74.49,74.5
2022-03-18 12:46:00,74.47,74.53,74.47,74.53
2022-03-18 12:47:00,74.47,74.53,74.47,74.53
2022-03-18 12:48:00,74.38,74.38,74.38,74.38
2022-03-18 12:49:00,74.4,74.4,74.4,74.4
2022-03-18 12:50:00,74.4,74.4,74.4,74.4
2022-03-18 12:51:00,74.33,74.33,74.33,74.33
2022-03-18 12:52:00,74.33,74.33,74.33,74.33
2022-03-18 12:53:00,74.33,74.33,74.33,74.33
2022-03-18 12:54:00,74.51,74.51,74.51,74.51
2022-03-18 12:55:00,74.47,74.47,74.47,74.47
2022-03-18 12:56:00,74.47,74.47,74.47,74.47
2022-03-18 12:57:00,74.47,74.47,74.47,74.47
2022-03-18 12:58:00,74.47,74.47,74.47,74.47
2022-03-18 12:59:00,74.46,74.43,74.43,74.46
2022-03-18 13:00:00,74.46,74.43,74.43,74.46
2022-03-18 13:01:00,74.46,74.43,74.43,74.46
2022-03-18 13:02:00,74.46,74.43,74.43,74.46
2022-03-18 13:03:00,74.44,74.44,74.44,74.44
2022-03-18 13:04:00,74.44,74.44,74.44,74.44
2022-03-18 13:05:00,74.73,74.62,74.62,74.74
2022-03-18 13:06:00,74.86,74.74,74.71,74.86
2022-03-18 13:07:00,74.86,74.74,74.71,74.86
2022-03-18 13:08:00,74.86,74.74,74.71,74.86
2022-03-18 13:09:00,74.76,74.76,74.76,74.76
2022-03-18 13:10:00,74.8,74.76,74.76,74.8
2022-03-18 13:11:00,74.73,74.76,74.73,74.78
2022-03-18 13:12:00,74.74,74.75,74.74,74.75
2022-03-18 13:13:00,74.74,74.74,74.74,74.74
2022-03-18 13:14:00,74.74,74.74,74.74,74.74
2022-03-18 13:15:00,74.65,74.65,74.65,74.65
2022-03-18 13:16:00,74.69,74.65,74.65,74.69
2022-03-18 13:17:00,74.8,74.78,74.78,74.8
2022-03-18 13:18:00,74.8,74.81,74.8,74.81
2022-03-18 13:19:00,74.81,74.81,74.81,74.81
2022-03-18 13:20:00,74.93,74.96,74.85,74.96
2022-03-18 13:21:00,74.91,74.91,74.91,74.91
2022-03-18 13:22:00,74.93,74.93,74.93,74.93
2022-03-18 13:23:00,74.92,74.91,74.91,74.93
2022-03-18 13:24:00,74.96,74.96,74.95,74.96
2022-03-18 13:25:00,74.95,74.98,74.94,74.98
2022-03-18 13:26:00,74.74,74.79,74.74,74.79
2022-03-18 13:27:00,74.74,74.79,74.74,74.79
2022-03-18 13:28:00,74.74,74.79,74.74,74.79
2022-03-18 13:29:00,74.88,74.88,74.88,74.88
2022-03-18 13:30:00,74.78,74.77,74.77,74.78
2022-03-18 13:31:00,74.78,74.77,74.77,74.78
2022-03-18 13:32:00,74.8,74.84,74.79,74.84
2022-03-18 13:33:00,74.8,74.8,74.8,74.8
2022-03-18 13:34:00,74.8,74.8,74.8,74.8
2022-03-18 13:35:00,74.8,74.79,74.79,74.8
2022-03-18 13:36:00,74.8,74.8,74.8,74.82
2022-03-18 13:37:00,74.79,74.79,74.79,74.8
2022-03-18 13:38:00,74.7,74.73,74.7,74.76
2022-03-18 13:39:00,74.8,74.8,74.8,74.8
2022-03-18 13:40:00,74.78,74.78,74.78,74.78
2022-03-18 13:41:00,74.84,74.84,74.84,74.84
2022-03-18 13:42:00,74.84,74.84,74.84,74.84
2022-03-18 13:43:00,74.85,74.85,74.85,74.85
2022-03-18 13:44:00,74.88,74.87,74.87,74.88
2022-03-18 13:45:00,74.83,74.83,74.83,74.83
2022-03-18 13:46:00,74.85,74.821,74.821,74.85
2022-03-18 13:47:00,74.8,74.8,74.8,74.8
2022-03-18 13:48:00,74.79,74.77,74.77,74.79
2022-03-18 13:49:00,74.79,74.77,74.77,74.79
2022-03-18 13:50:00,74.74,74.75,74.74,74.75
2022-03-18 13:51:00,74.66,74.66,74.66,74.66
2022-03-18 13:52:00,74.66,74.66,74.66,74.66
2022-03-18 13:53:00,74.66,74.66,74.66,74.66
2022-03-18 13:54:00,74.83,74.83,74.83,74.83
2022-03-18 13:55:00,74.83,74.83,74.83,74.83
2022-03-18 13:56:00,74.83,74.83,74.83,74.83
2022-03-18 13:57:00,74.83,74.83,74.83,74.83
2022-03-18 13:58:00,74.83,74.83,74.83,74.83
2022-03-18 13:59:00,74.68,74.76,74.68,74.76
2022-03-18 14:00:00,74.63,74.63,74.63,74.63
2022-03-18 14:01:00,74.64,74.64,74.64,74.64
2022-03-18 14:02:00,74.56,74.55,74.5,74.58
2022-03-18 14:03:00,74.65,74.59,74.59,74.65
2022-03-18 14:04:00,74.65,74.65,74.65,74.65
2022-03-18 14:05:00,74.65,74.65,74.65,74.65
2022-03-18 14:06:00,74.74,74.74,74.74,74.74
2022-03-18 14:07:00,74.74,74.74,74.74,74.74
2022-03-18 14:08:00,74.73,74.73,74.73,74.73
2022-03-18 14:09:00,74.75,74.75,74.75,74.75
2022-03-18 14:10:00,74.75,74.75,74.75,74.75
2022-03-18 14:11:00,74.75,74.75,74.75,74.75
2022-03-18 14:12:00,74.8,74.65,74.65,74.8
2022-03-18 14:13:00,74.76,74.8,74.76,74.86
2022-03-18 14:14:00,74.73,74.73,74.73,74.73
2022-03-18 14:15:00,74.76,74.78,74.76,74.78
2022-03-18 14:16:00,74.76,74.78,74.76,74.78
2022-03-18 14:17:00,74.76,74.78,74.76,74.78
2022-03-18 14:18:00,74.78,74.75,74.75,74.78
2022-03-18 14:19:00,74.79,74.78,74.78,74.79
2022-03-18 14:20:00,74.69,74.68,74.68,74.69
2022-03-18 14:21:00,74.57,74.58,74.57,74.58
2022-03-18 14:22:00,74.59,74.58,74.58,74.61
2022-03-18 14:23:00,74.61,74.65,74.61,74.67
2022-03-18 14:24:00,74.61,74.65,74.61,74.67
2022-03-18 14:25:00,74.78,74.65,74.65,74.78
2022-03-18 14:26:00,74.78,74.65,74.65,74.78
2022-03-18 14:27:00,74.67,74.63,74.63,74.7
2022-03-18 14:28:00,74.67,74.63,74.63,74.7
2022-03-18 14:29:00,74.67,74.63,74.63,74.7
2022-03-18 14:30:00,74.67,74.63,74.63,74.7
2022-03-18 14:31:00,74.67,74.63,74.63,74.7
2022-03-18 14:32:00,74.67,74.63,74.63,74.7
2022-03-18 14:33:00,74.67,74.63,74.63,74.7
2022-03-18 14:34:00,74.7,74.7,74.7,74.7
2022-03-18 14:35:00,74.63,74.68,74.63,74.68
2022-03-18 14:36:00,74.66,74.65,74.65,74.66
2022-03-18 14:37:00,74.66,74.65,74.65,74.66
2022-03-18 14:38:00,74.66,74.65,74.65,74.66
2022-03-18 14:39:00,74.66,74.65,74.65,74.66
2022-03-18 14:40:00,74.66,74.65,74.65,74.66
2022-03-18 14:41:00,74.66,74.65,74.65,74.66
2022-03-18 14:42:00,74.66,74.65,74.65,74.66
2022-03-18 14:43:00,74.85,74.85,74.85,74.85
2022-03-18 14:44:00,74.85,74.85,74.85,74.85
2022-03-18 14:45:00,74.84,74.84,74.84,74.84
2022-03-18 14:46:00,74.84,74.84,74.84,74.84
2022-03-18 14:47:00,74.84,74.84,74.84,74.84
2022-03-18 14:48:00,74.84,74.84,74.84,74.84
2022-03-18 14:49:00,74.78,74.79,74.78,74.8
2022-03-18 14:50:00,74.81,74.8,74.8,74.81
2022-03-18 14:51:00,74.88,74.82,74.82,74.88
2022-03-18 14:52:00,74.86,74.89,74.86,74.89
2022-03-18 14:53:00,74.86,74.89,74.86,74.89
2022-03-18 14:54:00,74.84,74.84,74.84,74.84
2022-03-18 14:55:00,74.83,74.86,74.83,74.86
2022-03-18 14:56:00,74.83,74.86,74.83,74.86
2022-03-18 14:57:00,74.84,74.83,74.83,74.84
2022-03-18 14:58:00,74.84,74.83,74.83,74.84
2022-03-18 14:59:00,74.84,74.83,74.83,74.84
2022-03-18 15:00:00,74.8,74.8,74.8,74.82
2022-03-18 15:01:00,74.77,74.77,74.77,74.77
2022-03-18 15:02:00,74.83,74.82,74.82,74.83
2022-03-18 15:03:00,74.81,74.83,74.81,74.83
2022-03-18 15:04:00,74.85,74.83,74.83,74.85
2022-03-18 15:05:00,74.825,74.83,74.825,74.835
2022-03-18 15:06:00,74.79,74.83,74.79,74.83
2022-03-18 15:07:00,74.78,74.77,74.77,74.78
2022-03-18 15:08:00,74.78,74.775,74.77,74.79
2022-03-18 15:09:00,74.71,74.77,74.71,74.77
2022-03-18 15:10:00,74.69,74.72,74.69,74.72
2022-03-18 15:11:00,74.65,74.7,74.65,74.7
2022-03-18 15:12:00,74.65,74.67,74.64,74.67
2022-03-18 15:13:00,74.61,74.65,74.61,74.65
2022-03-18 15:14:00,74.64,74.61,74.61,74.64
2022-03-18 15:15:00,74.66,74.67,74.66,74.679
2022-03-18 15:16:00,74.68,74.67,74.67,74.73
2022-03-18 15:17:00,74.64,74.64,74.63,74.645
2022-03-18 15:18:00,74.68,74.67,74.67,74.68
2022-03-18 15:19:00,74.6,74.6,74.6,74.6
2022-03-18 15:20:00,74.71,74.71,74.71,74.71
2022-03-18 15:21:00,74.7,74.71,74.7,74.71
2022-03-18 15:22:00,74.73,74.75,74.73,74.75
2022-03-18 15:23:00,74.73,74.75,74.73,74.75
2022-03-18 15:24:00,74.72,74.72,74.72,74.72
2022-03-18 15:25:00,74.7,74.73,74.7,74.73
2022-03-18 15:26:00,74.73,74.69,74.69,74.73
2022-03-18 15:27:00,74.71,74.73,74.71,74.73
2022-03-18 15:28:00,74.72,74.72,74.72,74.72
2022-03-18 15:29:00,74.72,74.72,74.72,74.72
2022-03-18 15:30:00,74.73,74.735,74.73,74.75
2022-03-18 15:31:00,74.75,74.73,74.72,74.75
2022-03-18 15:32:00,74.77,74.77,74.77,74.77
2022-03-18 15:33:00,74.77,74.77,74.77,74.77
2022-03-18 15:34:00,74.8,74.81,74.8,74.81
2022-03-18 15:35:00,74.81,74.81,74.81,74.81
2022-03-18 15:36:00,74.79,74.79,74.79,74.79
2022-03-18 15:37:00,74.82,74.8,74.79,74.82
2022-03-18 15:38:00,74.83,74.81,74.81,74.85
2022-03-18 15:39:00,74.851,74.851,74.851,74.851
2022-03-18 15:40:00,74.84,74.87,74.83,74.87
2022-03-18 15:41:00,74.85,74.85,74.85,74.88
2022-03-18 15:42:00,74.8,74.83,74.795,74.84
2022-03-18 15:43:00,74.81,74.8,74.8,74.81
2022-03-18 15:44:00,74.82,74.82,74.81,74.82
2022-03-18 15:45:00,74.82,74.82,74.82,74.83
2022-03-18 15:46:00,74.83,74.81,74.79,74.83
2022-03-18 15:47:00,74.83,74.83,74.83,74.86
2022-03-18 15:48:00,74.82,74.81,74.81,74.825
2022-03-18 15:49:00,74.84,74.83,74.83,74.85
2022-03-18 15:50:00,74.83,74.84,74.83,74.84
2022-03-18 15:51:00,74.825,74.84,74.825,74.84
2022-03-18 15:52:00,74.82,74.83,74.82,74.85
2022-03-18 15:53:00,74.81,74.8,74.8,74.81
2022-03-18 15:54:00,74.82,74.815,74.805,74.82
2022-03-18 15:55:00,74.78,74.82,74.76,74.82
2022-03-18 15:56:00,74.745,74.78,74.73,74.81
2022-03-18 15:57:00,74.67,74.75,74.67,74.78
2022-03-18 15:58:00,74.685,74.67,74.665,74.74
2022-03-18 15:59:00,74.67,74.69,74.63,74.69
2022-03-18 16:00:00,74.64,74.67,74.63,74.72
2022-03-21 09:31:00,77.28,77.41,77.27,77.41
2022-03-21 09:32:00,77.29,77.32,77.26,77.32
2022-03-21 09:33:00,77.34,77.3,77.29,77.35
2022-03-21 09:34:00,77.41,77.38,77.35,77.41
2022-03-21 09:35:00,77.565,77.53,77.53,77.59
2022-03-21 09:36:00,77.54,77.57,77.51,77.589
2022-03-21 09:37:00,77.56,77.565,77.53,77.565
2022-03-21 09:38:00,77.65,77.6,77.6,77.72
2022-03-21 09:39:00,77.75,77.68,77.68,77.75
2022-03-21 09:40:00,77.78,77.73,77.73,77.84
2022-03-21 09:41:00,77.83,77.8,77.79,77.86
2022-03-21 09:42:00,77.75,77.85,77.75,77.86
2022-03-21 09:43:00,77.77,77.67,77.67,77.77
2022-03-21 09:44:00,77.67,77.67,77.67,77.67
2022-03-21 09:45:00,77.99,77.89,77.87,78.02
2022-03-21 09:46:00,78.06,78.01,78.01,78.06
2022-03-21 09:47:00,77.92,78.05,77.92,78.07
2022-03-21 09:48:00,78.04,77.96,77.96,78.04
2022-03-21 09:49:00,78.18,78.08,78.07,78.19
2022-03-21 09:50:00,78.35,78.22,78.22,78.37
2022-03-21 09:51:00,78.39,78.32,78.27,78.39
2022-03-21 09:52:00,78.5,78.39,78.33,78.5
2022-03-21 09:53:00,78.46,78.51,78.46,78.54
2022-03-21 09:54:00,78.36,78.465,78.36,78.465
2022-03-21 09:55:00,78.34,78.315,78.26,78.34
2022-03-21 09:56:00,78.435,78.44,78.39,78.44
2022-03-21 09:57:00,78.31,78.46,78.3,78.46
2022-03-21 09:58:00,78.2,78.31,78.2,78.31
2022-03-21 09:59:00,78.21,78.22,78.21,78.22
2022-03-21 10:00:00,78.35,78.24,78.24,78.36
2022-03-21 10:01:00,78.57,78.5,78.5,78.61
2022-03-21 10:02:00,78.6,78.57,78.55,78.65
2022-03-21 10:03:00,78.49,78.54,78.49,78.54
2022-03-21 10:04:00,78.49,78.54,78.49,78.54
2022-03-21 10:05:00,78.43,78.36,78.36,78.43
2022-03-21 10:06:00,78.4,78.39,78.39,78.42
2022-03-21 10:07:00,78.59,78.41,78.41,78.59
2022-03-21 10:08:00,78.51,78.58,78.51,78.58
2022-03-21 10:09:00,78.5,78.52,78.5,78.52
2022-03-21 10:10:00,78.51,78.51,78.51,78.51
2022-03-21 10:11:00,78.48,78.48,78.48,78.48
2022-03-21 10:12:00,78.6,78.59,78.56,78.6
2022-03-21 10:13:00,78.7,78.59,78.59,78.7
2022-03-21 10:14:00,78.7,78.59,78.59,78.7
2022-03-21 10:15:00,78.55,78.63,78.55,78.63
2022-03-21 10:16:00,78.62,78.59,78.57,78.62
2022-03-21 10:17:00,78.62,78.59,78.57,78.62
2022-03-21 10:18:00,78.62,78.59,78.57,78.62
2022-03-21 10:19:00,78.47,78.47,78.47,78.47
2022-03-21 10:20:00,78.47,78.47,78.47,78.47
2022-03-21 10:21:00,78.39,78.46,78.39,78.46
2022-03-21 10:22:00,78.475,78.475,78.475,78.475
2022-03-21 10:23:00,78.53,78.43,78.43,78.53
2022-03-21 10:24:00,78.53,78.43,78.43,78.53
2022-03-21 10:25:00,78.53,78.43,78.43,78.53
2022-03-21 10:26:00,78.53,78.43,78.43,78.53
2022-03-21 10:27:00,78.54,78.54,78.54,78.54
2022-03-21 10:28:00,78.51,78.47,78.47,78.51
2022-03-21 10:29:00,78.6,78.6,78.6,78.6
2022-03-21 10:30:00,78.61,78.69,78.61,78.69
2022-03-21 10:31:00,78.69,78.67,78.62,78.69
2022-03-21 10:32:00,78.69,78.67,78.62,78.69
2022-03-21 10:33:00,78.66,78.66,78.66,78.66
2022-03-21 10:34:00,78.63,78.63,78.63,78.63
2022-03-21 10:35:00,78.63,78.63,78.63,78.63
2022-03-21 10:36:00,78.71,78.689,78.68,78.71
2022-03-21 10:37:00,78.74,78.68,78.68,78.75
2022-03-21 10:38:00,78.66,78.66,78.66,78.66
2022-03-21 10:39:00,78.64,78.64,78.63,78.64
2022-03-21 10:40:00,78.67,78.59,78.59,78.67
2022-03-21 10:41:00,78.51,78.6,78.49,78.6
2022-03-21 10:42:00,78.39,78.48,78.39,78.48
2022-03-21 10:43:00,78.44,78.38,78.38,78.476
2022-03-21 10:44:00,78.38,78.4,78.35,78.4
2022-03-21 10:45:00,78.401,78.48,78.401,78.48
2022-03-21 10:46:00,78.44,78.46,78.44,78.46
2022-03-21 10:47:00,78.38,78.39,78.38,78.39
2022-03-21 10:48:00,78.29,78.38,78.28,78.38
2022-03-21 10:49:00,78.15,78.25,78.15,78.25
2022-03-21 10:50:00,78.21,78.19,78.17,78.22
2022-03-21 10:51:00,78.16,78.23,78.16,78.23
2022-03-21 10:52:00,78.23,78.23,78.23,78.25
2022-03-21 10:53:00,78.43,78.27,78.26,78.46
2022-03-21 10:54:00,78.43,78.43,78.43,78.48
2022-03-21 10:55:00,78.43,78.43,78.43,78.43
2022-03-21 10:56:00,78.47,78.47,78.47,78.47
2022-03-21 10:57:00,78.49,78.49,78.49,78.49
2022-03-21 10:58:00,78.37,78.37,78.37,78.37
2022-03-21 10:59:00,78.35,78.35,78.35,78.35
2022-03-21 11:00:00,78.35,78.35,78.35,78.35
2022-03-21 11:01:00,78.12,78.16,78.08,78.16
2022-03-21 11:02:00,78.06,78.11,78.05,78.11
2022-03-21 11:03:00,77.98,77.98,77.98,77.98
2022-03-21 11:04:00,78.14,78.14,78.14,78.14
2022-03-21 11:05:00,78.14,78.14,78.14,78.14
2022-03-21 11:06:00,78.12,78.07,78.06,78.12
2022-03-21 11:07:00,78.19,78.16,78.16,78.19
2022-03-21 11:08:00,78.22,78.22,78.22,78.22
2022-03-21 11:09:00,78.32,78.32,78.32,78.32
2022-03-21 11:10:00,78.23,78.24,78.23,78.24
2022-03-21 11:11:00,78.36,78.3,78.3,78.36
2022-03-21 11:12:00,78.4,78.4,78.4,78.42
2022-03-21 11:13:00,78.431,78.42,78.411,78.431
2022-03-21 11:14:00,78.43,78.44,78.43,78.44
2022-03-21 11:15:00,78.4,78.42,78.4,78.42
2022-03-21 11:16:00,78.47,78.38,78.38,78.48
2022-03-21 11:17:00,78.33,78.43,78.32,78.43
2022-03-21 11:18:00,78.33,78.43,78.32,78.43
2022-03-21 11:19:00,78.26,78.26,78.26,78.26
2022-03-21 11:20:00,78.23,78.24,78.23,78.25
2022-03-21 11:21:00,78.24,78.22,78.22,78.24
2022-03-21 11:22:00,78.14,78.14,78.13,78.14
2022-03-21 11:23:00,78.18,78.14,78.14,78.21
2022-03-21 11:24:00,78.1,78.1,78.1,78.1
2022-03-21 11:25:00,78.09,78.08,78.08,78.09
2022-03-21 11:26:00,78.12,78.12,78.12,78.12
2022-03-21 11:27:00,77.94,77.98,77.93,78.0
2022-03-21 11:28:00,78.04,78.0,78.0,78.04
2022-03-21 11:29:00,78.02,78.04,78.0,78.04
2022-03-21 11:30:00,77.94,77.9,77.9,77.94
2022-03-21 11:31:00,77.94,77.9,77.9,77.94
2022-03-21 11:32:00,77.935,77.935,77.935,77.935
2022-03-21 11:33:00,78.01,78.01,78.01,78.01
2022-03-21 11:34:00,77.83,77.97,77.83,77.97
2022-03-21 11:35:00,77.74,77.79,77.74,77.79
2022-03-21 11:36:00,77.935,77.87,77.87,77.935
2022-03-21 11:37:00,77.85,77.88,77.85,77.9
2022-03-21 11:38:00,77.74,77.8,77.74,77.8
2022-03-21 11:39:00,77.76,77.76,77.76,77.76
2022-03-21 11:40:00,77.92,77.81,77.81,77.92
2022-03-21 11:41:00,78.01,77.95,77.95,78.02
2022-03-21 11:42:00,78.08,78.01,78.01,78.08
2022-03-21 11:43:00,78.1,78.1,78.09,78.1
2022-03-21 11:44:00,78.15,78.15,78.15,78.15
2022-03-21 11:45:00,78.26,78.18,78.18,78.26
2022-03-21 11:46:00,78.3,78.26,78.26,78.31
2022-03-21 11:47:00,78.23,78.3,78.21,78.3
2022-03-21 11:48:00,78.22,78.211,78.21,78.22
2022-03-21 11:49:00,78.23,78.23,78.23,78.23
2022-03-21 11:50:00,78.16,78.16,78.16,78.16
2022-03-21 11:51:00,78.291,78.291,78.291,78.291
2022-03-21 11:52:00,78.24,78.28,78.24,78.28
2022-03-21 11:53:00,78.19,78.2,78.16,78.2
2022-03-21 11:54:00,78.18,78.18,78.18,78.18
2022-03-21 11:55:00,78.27,78.27,78.27,78.27
2022-03-21 11:56:00,78.34,78.341,78.34,78.341
2022-03-21 11:57:00,78.34,78.341,78.34,78.341
2022-03-21 11:58:00,78.34,78.341,78.34,78.341
2022-03-21 11:59:00,78.34,78.341,78.34,78.341
2022-03-21 12:00:00,78.35,78.35,78.35,78.35
2022-03-21 12:01:00,78.35,78.35,78.35,78.35
2022-03-21 12:02:00,78.41,78.44,78.41,78.44
2022-03-21 12:03:00,78.44,78.46,78.43,78.46
2022-03-21 12:04:00,78.46,78.39,78.39,78.46
2022-03-21 12:05:00,78.46,78.39,78.39,78.46
2022-03-21 12:06:00,78.58,78.58,78.58,78.58
2022-03-21 12:07:00,78.59,78.57,78.57,78.59
2022-03-21 12:08:00,78.59,78.54,78.54,78.59
2022-03-21 12:09:00,78.57,78.57,78.57,78.57
2022-03-21 12:10:00,78.63,78.6,78.6,78.63
2022-03-21 12:11:00,78.66,78.64,78.64,78.66
2022-03-21 12:12:00,78.61,78.63,78.61,78.65
2022-03-21 12:13:00,78.57,78.56,78.56,78.62
2022-03-21 12:14:00,78.6,78.56,78.55,78.6
2022-03-21 12:15:00,78.54,78.6,78.54,78.62
2022-03-21 12:16:00,78.55,78.49,78.49,78.55
2022-03-21 12:17:00,78.56,78.56,78.56,78.56
2022-03-21 12:18:00,78.52,78.57,78.52,78.57
2022-03-21 12:19:00,78.49,78.58,78.49,78.58
2022-03-21 12:20:00,78.41,78.44,78.41,78.44
2022-03-21 12:21:00,78.47,78.425,78.425,78.47
2022-03-21 12:22:00,78.39,78.4,78.39,78.4
2022-03-21 12:23:00,78.45,78.45,78.45,78.45
2022-03-21 12:24:00,78.46,78.51,78.45,78.51
2022-03-21 12:25:00,78.47,78.46,78.455,78.47
2022-03-21 12:26:00,78.35,78.41,78.29,78.41
2022-03-21 12:27:00,78.29,78.34,78.28,78.34
2022-03-21 12:28:00,78.35,78.35,78.35,78.35
2022-03-21 12:29:00,78.48,78.48,78.48,78.48
2022-03-21 12:30:00,78.66,78.54,78.54,78.68
2022-03-21 12:31:00,78.65,78.66,78.59,78.67
2022-03-21 12:32:00,78.64,78.65,78.64,78.68
2022-03-21 12:33:00,78.61,78.61,78.61,78.61
2022-03-21 12:34:00,78.68,78.62,78.62,78.68
2022-03-21 12:35:00,78.65,78.64,78.64,78.65
2022-03-21 12:36:00,78.83,78.72,78.72,78.86
2022-03-21 12:37:00,78.84,78.83,78.83,78.85
2022-03-21 12:38:00,78.94,78.81,78.81,78.94
2022-03-21 12:39:00,78.79,78.9,78.79,78.9
2022-03-21 12:40:00,78.73,78.73,78.73,78.73
2022-03-21 12:41:00,78.64,78.67,78.64,78.67
2022-03-21 12:42:00,78.55,78.59,78.55,78.59
2022-03-21 12:43:00,78.59,78.51,78.51,78.63
2022-03-21 12:44:00,78.41,78.53,78.4,78.53
2022-03-21 12:45:00,78.42,78.41,78.41,78.42
2022-03-21 12:46:00,78.3,78.35,78.3,78.35
2022-03-21 12:47:00,78.17,78.36,78.17,78.36
2022-03-21 12:48:00,78.1,78.12,77.99,78.12
2022-03-21 12:49:00,78.1,78.12,77.99,78.12
2022-03-21 12:50:00,78.13,78.07,78.04,78.13
2022-03-21 12:51:00,78.22,78.16,78.15,78.24
2022-03-21 12:52:00,78.2,78.19,78.19,78.2
2022-03-21 12:53:00,78.32,78.28,78.26,78.32
2022-03-21 12:54:00,78.22,78.32,78.12,78.32
2022-03-21 12:55:00,78.23,78.2,78.2,78.23
2022-03-21 12:56:00,78.26,78.26,78.26,78.26
2022-03-21 12:57:00,78.14,78.21,78.14,78.21
2022-03-21 12:58:00,78.14,78.21,78.14,78.21
2022-03-21 12:59:00,78.08,78.07,78.01,78.08
2022-03-21 13:00:00,78.076,78.05,78.05,78.076
2022-03-21 13:01:00,78.1,77.98,77.95,78.1
2022-03-21 13:02:00,78.03,78.03,78.03,78.03
2022-03-21 13:03:00,78.21,78.21,78.21,78.24
2022-03-21 13:04:00,78.27,78.19,78.19,78.27
2022-03-21 13:05:00,78.24,78.22,78.21,78.24
2022-03-21 13:06:00,78.22,78.19,78.19,78.22
2022-03-21 13:07:00,78.08,78.08,78.06,78.08
2022-03-21 13:08:00,78.13,78.12,78.12,78.13
2022-03-21 13:09:00,78.04,78.08,78.04,78.08
2022-03-21 13:10:00,78.07,78.08,78.07,78.09
2022-03-21 13:11:00,78.27,78.18,78.18,78.27
2022-03-21 13:12:00,78.28,78.25,78.25,78.3
2022-03-21 13:13:00,78.19,78.19,78.19,78.19
2022-03-21 13:14:00,78.15,78.15,78.15,78.15
2022-03-21 13:15:00,78.15,78.15,78.15,78.15
2022-03-21 13:16:00,77.95,78.03,77.94,78.03
2022-03-21 13:17:00,77.93,77.98,77.92,77.98
2022-03-21 13:18:00,77.98,77.98,77.98,77.99
2022-03-21 13:19:00,77.99,77.99,77.99,77.99
2022-03-21 13:20:00,78.1,78.14,78.1,78.14
2022-03-21 13:21:00,78.15,78.09,78.09,78.15
2022-03-21 13:22:00,78.23,78.19,78.19,78.23
2022-03-21 13:23:00,78.23,78.19,78.19,78.23
2022-03-21 13:24:00,78.28,78.28,78.28,78.28
2022-03-21 13:25:00,78.22,78.28,78.22,78.28
2022-03-21 13:26:00,78.2,78.26,78.2,78.26
2022-03-21 13:27:00,78.184,78.21,78.184,78.21
2022-03-21 13:28:00,78.22,78.19,78.19,78.22
2022-03-21 13:29:00,78.23,78.23,78.23,78.23
2022-03-21 13:30:00,78.23,78.23,78.23,78.23
2022-03-21 13:31:00,78.31,78.29,78.28,78.31
2022-03-21 13:32:00,78.24,78.29,78.22,78.29
2022-03-21 13:33:00,78.36,78.24,78.24,78.37
2022-03-21 13:34:00,78.53,78.41,78.41,78.53
2022-03-21 13:35:00,78.46,78.52,78.45,78.52
2022-03-21 13:36:00,78.45,78.44,78.41,78.46
2022-03-21 13:37:00,78.42,78.43,78.41,78.43
2022-03-21 13:38:00,78.35,78.41,78.35,78.41
2022-03-21 13:39:00,78.31,78.36,78.31,78.39
2022-03-21 13:40:00,78.31,78.28,78.28,78.31
2022-03-21 13:41:00,78.34,78.3,78.23,78.34
2022-03-21 13:42:00,78.3,78.32,78.3,78.32
2022-03-21 13:43:00,78.29,78.29,78.29,78.29
2022-03-21 13:44:00,78.38,78.28,78.27,78.38
2022-03-21 13:45:00,78.31,78.41,78.31,78.41
2022-03-21 13:46:00,78.31,78.32,78.3,78.32
2022-03-21 13:47:00,78.34,78.32,78.3,78.34
2022-03-21 13:48:00,78.35,78.37,78.32,78.37
2022-03-21 13:49:00,78.35,78.37,78.32,78.37
2022-03-21 13:50:00,78.39,78.39,78.39,78.39
2022-03-21 13:51:00,78.39,78.39,78.39,78.39
2022-03-21 13:52:00,78.46,78.46,78.46,78.46
2022-03-21 13:53:00,78.46,78.46,78.46,78.46
2022-03-21 13:54:00,78.46,78.46,78.46,78.46
2022-03-21 13:55:00,78.4,78.4,78.4,78.4
2022-03-21 13:56:00,78.4,78.4,78.4,78.4
2022-03-21 13:57:00,78.47,78.47,78.47,78.47
2022-03-21 13:58:00,78.5,78.5,78.5,78.5
2022-03-21 13:59:00,78.59,78.57,78.54,78.62
2022-03-21 14:00:00,78.65,78.65,78.65,78.65
2022-03-21 14:01:00,78.55,78.56,78.55,78.56
2022-03-21 14:02:00,78.7,78.51,78.51,78.7
2022-03-21 14:03:00,78.7,78.51,78.51,78.7
2022-03-21 14:04:00,78.67,78.67,78.67,78.67
2022-03-21 14:05:00,78.63,78.7,78.63,78.7
2022-03-21 14:06:00,78.63,78.63,78.63,78.63
2022-03-21 14:07:00,78.7,78.68,78.68,78.71
2022-03-21 14:08:00,78.58,78.58,78.58,78.58
2022-03-21 14:09:00,78.58,78.58,78.58,78.58
2022-03-21 14:10:00,78.61,78.61,78.61,78.61
2022-03-21 14:11:00,78.61,78.61,78.61,78.61
2022-03-21 14:12:00,78.44,78.44,78.44,78.44
2022-03-21 14:13:00,78.53,78.53,78.53,78.53
2022-03-21 14:14:00,78.6,78.5,78.48,78.6
2022-03-21 14:15:00,78.6,78.5,78.48,78.6
2022-03-21 14:16:00,78.6,78.5,78.48,78.6
2022-03-21 14:17:00,78.6,78.5,78.48,78.6
2022-03-21 14:18:00,78.6,78.58,78.55,78.61
2022-03-21 14:19:00,78.65,78.66,78.65,78.66
2022-03-21 14:20:00,78.66,78.68,78.66,78.71
2022-03-21 14:21:00,78.69,78.63,78.63,78.69
2022-03-21 14:22:00,78.76,78.75,78.74,78.76
2022-03-21 14:23:00,78.73,78.69,78.69,78.73
2022-03-21 14:24:00,78.57,78.59,78.57,78.61
2022-03-21 14:25:00,78.57,78.59,78.57,78.61
2022-03-21 14:26:00,78.66,78.65,78.65,78.66
2022-03-21 14:27:00,78.58,78.7,78.58,78.7
2022-03-21 14:28:00,78.85,78.64,78.64,78.86
2022-03-21 14:29:00,79.09,78.86,78.86,79.09
2022-03-21 14:30:00,79.09,79.06,79.06,79.09
2022-03-21 14:31:00,79.06,79.04,79.04,79.06
2022-03-21 14:32:00,79.0,79.045,79.0,79.045
2022-03-21 14:33:00,78.99,78.99,78.99,78.99
2022-03-21 14:34:00,79.13,79.02,79.02,79.13
2022-03-21 14:35:00,79.06,79.06,79.06,79.06
2022-03-21 14:36:00,79.06,79.04,79.04,79.061
2022-03-21 14:37:00,79.1,79.1,79.1,79.1
2022-03-21 14:38:00,79.16,79.15,79.15,79.16
2022-03-21 14:39:00,79.16,79.14,79.14,79.16
2022-03-21 14:40:00,79.17,79.17,79.17,79.17
2022-03-21 14:41:00,79.12,79.151,79.12,79.151
2022-03-21 14:42:00,79.1,79.15,79.09,79.15
2022-03-21 14:43:00,79.13,79.13,79.13,79.13
2022-03-21 14:44:00,79.12,79.15,79.12,79.15
2022-03-21 14:45:00,79.14,79.14,79.14,79.14
2022-03-21 14:46:00,79.14,79.14,79.14,79.14
2022-03-21 14:47:00,79.15,79.15,79.15,79.18
2022-03-21 14:48:00,79.13,79.13,79.13,79.13
2022-03-21 14:49:00,79.16,79.16,79.16,79.16
2022-03-21 14:50:00,79.22,79.17,79.17,79.22
2022-03-21 14:51:00,79.24,79.23,79.23,79.24
2022-03-21 14:52:00,79.24,79.24,79.24,79.27
2022-03-21 14:53:00,79.16,79.2,79.16,79.2
2022-03-21 14:54:00,79.18,79.17,79.14,79.18
2022-03-21 14:55:00,79.23,79.21,79.21,79.23
2022-03-21 14:56:00,79.26,79.24,79.24,79.3
2022-03-21 14:57:00,79.24,79.27,79.24,79.27
2022-03-21 14:58:00,79.28,79.276,79.276,79.29
2022-03-21 14:59:00,79.28,79.28,79.28,79.28
2022-03-21 15:00:00,79.28,79.28,79.28,79.28
2022-03-21 15:01:00,79.24,79.24,79.24,79.24
2022-03-21 15:02:00,79.35,79.3,79.3,79.35
2022-03-21 15:03:00,79.37,79.37,79.37,79.37
2022-03-21 15:04:00,79.38,79.39,79.38,79.39
2022-03-21 15:05:00,79.38,79.39,79.38,79.39
2022-03-21 15:06:00,79.4,79.37,79.37,79.43
2022-03-21 15:07:00,79.4,79.4,79.4,79.4
2022-03-21 15:08:00,79.42,79.45,79.42,79.45
2022-03-21 15:09:00,79.34,79.35,79.31,79.35
2022-03-21 15:10:00,79.34,79.35,79.31,79.35
2022-03-21 15:11:00,79.39,79.36,79.36,79.39
2022-03-21 15:12:00,79.43,79.36,79.36,79.43
2022-03-21 15:13:00,79.44,79.44,79.44,79.44
2022-03-21 15:14:00,79.48,79.43,79.43,79.48
2022-03-21 15:15:00,79.28,79.48,79.26,79.48
2022-03-21 15:16:00,79.38,79.43,79.36,79.43
2022-03-21 15:17:00,79.45,79.43,79.39,79.45
2022-03-21 15:18:00,79.48,79.45,79.43,79.48
2022-03-21 15:19:00,79.55,79.53,79.53,79.61
2022-03-21 15:20:00,79.6,79.57,79.55,79.6
2022-03-21 15:21:00,79.59,79.64,79.57,79.64
2022-03-21 15:22:00,79.58,79.6,79.58,79.63
2022-03-21 15:23:00,79.57,79.59,79.57,79.6
2022-03-21 15:24:00,79.63,79.56,79.56,79.63
2022-03-21 15:25:00,79.62,79.63,79.62,79.63
2022-03-21 15:26:00,79.54,79.54,79.54,79.54
2022-03-21 15:27:00,79.52,79.56,79.515,79.56
2022-03-21 15:28:00,79.55,79.52,79.51,79.55
2022-03-21 15:29:00,79.49,79.521,79.46,79.521
2022-03-21 15:30:00,79.511,79.514,79.511,79.514
2022-03-21 15:31:00,79.46,79.51,79.46,79.53
2022-03-21 15:32:00,79.46,79.441,79.441,79.46
2022-03-21 15:33:00,79.44,79.45,79.42,79.45
2022-03-21 15:34:00,79.36,79.43,79.32,79.43
2022-03-21 15:35:00,79.33,79.36,79.33,79.37
2022-03-21 15:36:00,79.29,79.34,79.29,79.35
2022-03-21 15:37:00,79.29,79.32,79.28,79.32
2022-03-21 15:38:00,79.3,79.281,79.281,79.3
2022-03-21 15:39:00,79.34,79.32,79.32,79.35
2022-03-21 15:40:00,79.32,79.31,79.31,79.32
2022-03-21 15:41:00,79.33,79.29,79.28,79.335
2022-03-21 15:42:00,79.34,79.29,79.28,79.34
2022-03-21 15:43:00,79.33,79.335,79.33,79.35
2022-03-21 15:44:00,79.265,79.33,79.265,79.35
2022-03-21 15:45:00,79.32,79.3,79.29,79.32
2022-03-21 15:46:00,79.31,79.32,79.31,79.33
2022-03-21 15:47:00,79.35,79.35,79.33,79.35
2022-03-21 15:48:00,79.31,79.36,79.31,79.37
2022-03-21 15:49:00,79.34,79.31,79.29,79.34
2022-03-21 15:50:00,79.37,79.34,79.32,79.37
2022-03-21 15:51:00,79.36,79.34,79.33,79.36
2022-03-21 15:52:00,79.4,79.41,79.38,79.41
2022-03-21 15:53:00,79.395,79.405,79.39,79.415
2022-03-21 15:54:00,79.42,79.4,79.4,79.44
2022-03-21 15:55:00,79.4,79.425,79.4,79.44
2022-03-21 15:56:00,79.46,79.48,79.46,79.5
2022-03-21 15:57:00,79.455,79.46,79.43,79.47
2022-03-21 15:58:00,79.45,79.455,79.44,79.46
2022-03-21 15:59:00,79.48,79.45,79.42,79.48
2022-03-21 16:00:00,79.54,79.475,79.46,79.54
2022-03-22 09:31:00,78.82,78.69,78.63,78.82
2022-03-22 09:32:00,78.49,78.645,78.47,78.645
2022-03-22 09:33:00,78.31,78.45,78.31,78.45
2022-03-22 09:34:00,78.6,78.37,78.33,78.6
2022-03-22 09:35:00,78.7,78.61,78.61,78.72
2022-03-22 09:36:00,78.8,78.79,78.79,78.8
2022-03-22 09:37:00,78.81,78.81,78.81,78.81
2022-03-22 09:38:00,78.72,78.8,78.68,78.8
2022-03-22 09:39:00,78.78,78.78,78.78,78.78
2022-03-22 09:40:00,78.8,78.9,78.78,78.9
2022-03-22 09:41:00,78.79,78.79,78.79,78.79
2022-03-22 09:42:00,78.79,78.82,78.79,78.82
2022-03-22 09:43:00,78.76,78.7,78.68,78.76
2022-03-22 09:44:00,78.83,78.83,78.83,78.83
2022-03-22 09:45:00,78.9,78.89,78.88,78.9
2022-03-22 09:46:00,78.77,78.86,78.77,78.86
2022-03-22 09:47:00,78.62,78.6,78.54,78.64
2022-03-22 09:48:00,78.68,78.6,78.6,78.68
2022-03-22 09:49:00,78.53,78.67,78.47,78.67
2022-03-22 09:50:00,78.49,78.48,78.44,78.49
2022-03-22 09:51:00,78.49,78.49,78.49,78.49
2022-03-22 09:52:00,78.75,78.75,78.75,78.75
2022-03-22 09:53:00,78.61,78.61,78.61,78.61
2022-03-22 09:54:00,78.54,78.53,78.53,78.54
2022-03-22 09:55:00,78.63,78.63,78.63,78.63
2022-03-22 09:56:00,78.61,78.61,78.61,78.61
2022-03-22 09:57:00,78.47,78.5,78.47,78.5
2022-03-22 09:58:00,78.43,78.39,78.39,78.43
2022-03-22 09:59:00,78.34,78.42,78.32,78.42
2022-03-22 10:00:00,78.37,78.37,78.32,78.37
2022-03-22 10:01:00,78.5,78.49,78.48,78.51
2022-03-22 10:02:00,78.544,78.475,78.475,78.544
2022-03-22 10:03:00,78.43,78.5,78.43,78.5
2022-03-22 10:04:00,78.39,78.39,78.39,78.39
2022-03-22 10:05:00,78.06,78.35,78.06,78.35
2022-03-22 10:06:00,77.97,77.96,77.92,78.01
2022-03-22 10:07:00,77.95,77.96,77.95,77.96
2022-03-22 10:08:00,78.19,78.01,78.01,78.22
2022-03-22 10:09:00,78.14,78.22,78.07,78.3
2022-03-22 10:10:00,78.2,78.17,78.17,78.2
2022-03-22 10:11:00,78.17,78.12,78.12,78.17
2022-03-22 10:12:00,78.171,78.171,78.171,78.171
2022-03-22 10:13:00,78.141,78.27,78.141,78.27
2022-03-22 10:14:00,78.1,78.11,78.1,78.11
2022-03-22 10:15:00,78.1,78.11,78.1,78.11
2022-03-22 10:16:00,78.07,78.055,78.055,78.07
2022-03-22 10:17:00,78.02,78.02,78.02,78.02
2022-03-22 10:18:00,78.06,78.01,78.01,78.06
2022-03-22 10:19:00,78.1,78.14,78.1,78.16
2022-03-22 10:20:00,78.1,78.14,78.1,78.16
2022-03-22 10:21:00,78.111,78.0,78.0,78.111
2022-03-22 10:22:00,78.111,78.0,78.0,78.111
2022-03-22 10:23:00,78.111,78.0,78.0,78.111
2022-03-22 10:24:00,78.2,78.16,78.16,78.2
2022-03-22 10:25:00,78.05,78.27,78.05,78.27
2022-03-22 10:26:00,78.01,78.0,78.0,78.03
2022-03-22 10:27:00,77.89,77.91,77.89,77.91
2022-03-22 10:28:00,77.84,77.86,77.84,77.9
2022-03-22 10:29:00,77.87,77.87,77.87,77.87
2022-03-22 10:30:00,78.0,77.98,77.98,78.0
2022-03-22 10:31:00,77.75,77.82,77.71,77.82
2022-03-22 10:32:00,77.66,77.69,77.57,77.7
2022-03-22 10:33:00,77.73,77.7,77.6,77.73
2022-03-22 10:34:00,77.72,77.72,77.72,77.72
2022-03-22 10:35:00,77.7,77.7,77.7,77.7
2022-03-22 10:36:00,77.86,77.74,77.74,77.86
2022-03-22 10:37:00,77.97,77.84,77.82,77.97
2022-03-22 10:38:00,77.82,77.82,77.82,77.82
2022-03-22 10:39:00,77.96,77.93,77.93,77.96
2022-03-22 10:40:00,77.92,77.93,77.92,77.93
2022-03-22 10:41:00,77.89,77.791,77.791,77.89
2022-03-22 10:42:00,77.92,77.92,77.92,77.92
2022-03-22 10:43:00,77.85,77.93,77.85,77.93
2022-03-22 10:44:00,77.81,77.81,77.81,77.81
2022-03-22 10:45:00,77.8,77.8,77.8,77.8
2022-03-22 10:46:00,78.09,78.01,78.01,78.09
2022-03-22 10:47:00,78.08,78.09,78.08,78.1
2022-03-22 10:48:00,78.0,78.11,78.0,78.11
2022-03-22 10:49:00,78.02,78.03,78.02,78.031
2022-03-22 10:50:00,77.88,77.96,77.86,77.96
2022-03-22 10:51:00,77.96,77.96,77.96,77.96
2022-03-22 10:52:00,78.05,78.05,78.05,78.1
2022-03-22 10:53:00,78.06,78.09,78.0,78.09
2022-03-22 10:54:00,78.21,78.05,78.05,78.21
2022-03-22 10:55:00,78.28,78.21,78.21,78.28
2022-03-22 10:56:00,78.26,78.26,78.25,78.26
2022-03-22 10:57:00,78.45,78.31,78.31,78.45
2022-03-22 10:58:00,78.45,78.48,78.45,78.48
2022-03-22 10:59:00,78.49,78.45,78.45,78.49
2022-03-22 11:00:00,78.53,78.49,78.49,78.53
2022-03-22 11:01:00,78.54,78.5,78.5,78.54
2022-03-22 11:02:00,78.39,78.39,78.39,78.4
2022-03-22 11:03:00,78.61,78.48,78.48,78.61
2022-03-22 11:04:00,78.61,78.48,78.48,78.61
2022-03-22 11:05:00,78.61,78.48,78.48,78.61
2022-03-22 11:06:00,78.61,78.48,78.48,78.61
2022-03-22 11:07:00,78.61,78.48,78.48,78.61
2022-03-22 11:08:00,78.7,78.7,78.7,78.7
2022-03-22 11:09:00,78.7,78.7,78.7,78.7
2022-03-22 11:10:00,78.7,78.7,78.7,78.7
2022-03-22 11:11:00,78.41,78.5,78.41,78.5
2022-03-22 11:12:00,78.4,78.43,78.4,78.43
2022-03-22 11:13:00,78.4,78.43,78.4,78.43
2022-03-22 11:14:00,78.32,78.32,78.26,78.32
2022-03-22 11:15:00,78.32,78.32,78.26,78.32
2022-03-22 11:16:00,78.2,78.25,78.2,78.25
2022-03-22 11:17:00,78.16,78.21,78.16,78.21
2022-03-22 11:18:00,78.038,78.12,78.038,78.13
2022-03-22 11:19:00,78.07,78.07,78.07,78.07
2022-03-22 11:20:00,78.0,78.08,78.0,78.1
2022-03-22 11:21:00,77.96,77.96,77.96,77.96
2022-03-22 11:22:00,77.9,77.97,77.9,77.97
2022-03-22 11:23:00,77.76,77.79,77.76,77.79
2022-03-22 11:24:00,77.85,77.8,77.8,77.85
2022-03-22 11:25:00,78.03,77.9,77.9,78.03
2022-03-22 11:26:00,78.03,77.9,77.9,78.03
2022-03-22 11:27:00,77.93,77.95,77.93,77.95
2022-03-22 11:28:00,77.99,77.99,77.99,77.99
2022-03-22 11:29:00,78.06,78.02,78.01,78.06
2022-03-22 11:30:00,78.05,78.04,78.04,78.05
2022-03-22 11:31:00,78.07,78.07,78.07,78.07
2022-03-22 11:32:00,77.89,77.89,77.89,77.9
2022-03-22 11:33:00,77.88,77.84,77.84,77.88
2022-03-22 11:34:00,77.88,77.84,77.84,77.88
2022-03-22 11:35:00,77.88,77.88,77.88,77.88
2022-03-22 11:36:00,77.9,77.9,77.9,77.9
2022-03-22 11:37:00,77.9,77.9,77.9,77.9
2022-03-22 11:38:00,77.96,77.96,77.96,77.96
2022-03-22 11:39:00,78.06,78.06,78.06,78.06
2022-03-22 11:40:00,78.13,78.12,78.12,78.13
2022-03-22 11:41:00,78.13,78.12,78.12,78.13
2022-03-22 11:42:00,78.13,78.12,78.12,78.13
2022-03-22 11:43:00,78.19,78.19,78.19,78.19
2022-03-22 11:44:00,78.19,78.19,78.19,78.19
2022-03-22 11:45:00,78.19,78.19,78.19,78.19
2022-03-22 11:46:00,78.21,78.21,78.21,78.21
2022-03-22 11:47:00,78.04,78.04,78.04,78.04
2022-03-22 11:48:00,77.91,77.91,77.91,77.91
2022-03-22 11:49:00,77.88,77.84,77.84,77.88
2022-03-22 11:50:00,77.88,77.84,77.84,77.88
2022-03-22 11:51:00,78.1,78.08,78.08,78.11
2022-03-22 11:52:00,78.02,78.02,78.02,78.02
2022-03-22 11:53:00,78.21,78.21,78.21,78.21
2022-03-22 11:54:00,78.1,78.1,78.1,78.1
2022-03-22 11:55:00,77.99,77.99,77.99,77.99
2022-03-22 11:56:00,77.94,77.95,77.94,77.95
2022-03-22 11:57:00,78.03,78.03,78.03,78.03
2022-03-22 11:58:00,78.03,78.03,78.03,78.03
2022-03-22 11:59:00,78.21,78.21,78.21,78.21
2022-03-22 12:00:00,78.21,78.21,78.21,78.21
2022-03-22 12:01:00,78.21,78.21,78.21,78.21
2022-03-22 12:02:00,78.25,78.11,78.1,78.25
2022-03-22 12:03:00,78.25,78.11,78.1,78.25
2022-03-22 12:04:00,78.21,78.21,78.21,78.21
2022-03-22 12:05:00,78.25,78.25,78.25,78.25
2022-03-22 12:06:00,78.27,78.27,78.27,78.27
2022-03-22 12:07:00,78.17,78.17,78.17,78.17
2022-03-22 12:08:00,78.2,78.2,78.2,78.2
2022-03-22 12:09:00,78.2,78.2,78.2,78.2
2022-03-22 12:10:00,78.2,78.2,78.2,78.2
2022-03-22 12:11:00,78.19,78.19,78.19,78.19
2022-03-22 12:12:00,78.21,78.21,78.21,78.21
2022-03-22 12:13:00,78.28,78.27,78.27,78.28
2022-03-22 12:14:00,78.28,78.27,78.27,78.28
2022-03-22 12:15:00,78.28,78.27,78.27,78.28
2022-03-22 12:16:00,78.26,78.26,78.26,78.26
2022-03-22 12:17:00,78.26,78.26,78.26,78.26
2022-03-22 12:18:00,78.13,78.13,78.13,78.13
2022-03-22 12:19:00,78.13,78.13,78.13,78.13
2022-03-22 12:20:00,78.13,78.09,78.09,78.13
2022-03-22 12:21:00,78.13,78.09,78.09,78.13
2022-03-22 12:22:00,78.34,78.26,78.26,78.34
2022-03-22 12:23:00,78.36,78.36,78.36,78.36
2022-03-22 12:24:00,78.34,78.34,78.34,78.34
2022-03-22 12:25:00,78.34,78.34,78.34,78.34
2022-03-22 12:26:00,78.07,78.07,78.07,78.07
2022-03-22 12:27:00,77.95,77.95,77.95,77.97
2022-03-22 12:28:00,78.19,78.11,78.11,78.19
2022-03-22 12:29:00,78.28,78.18,78.18,78.28
2022-03-22 12:30:00,78.17,78.17,78.17,78.17
2022-03-22 12:31:00,78.17,78.17,78.17,78.17
2022-03-22 12:32:00,78.13,78.13,78.13,78.13
2022-03-22 12:33:00,78.01,78.01,78.01,78.01
2022-03-22 12:34:00,77.98,77.99,77.98,77.99
2022-03-22 12:35:00,77.89,77.91,77.89,77.91
2022-03-22 12:36:00,77.81,77.9,77.8,77.91
2022-03-22 12:37:00,77.93,77.87,77.87,77.93
2022-03-22 12:38:00,77.93,77.87,77.87,77.93
2022-03-22 12:39:00,77.86,77.86,77.86,77.86
2022-03-22 12:40:00,77.86,77.86,77.86,77.86
2022-03-22 12:41:00,77.87,77.87,77.87,77.87
2022-03-22 12:42:00,77.8,77.8,77.8,77.8
2022-03-22 12:43:00,77.88,77.88,77.88,77.88
2022-03-22 12:44:00,77.88,77.88,77.88,77.88
2022-03-22 12:45:00,77.89,77.96,77.89,77.96
2022-03-22 12:46:00,77.8,77.8,77.8,77.8
2022-03-22 12:47:00,77.93,77.93,77.93,77.93
2022-03-22 12:48:00,77.87,77.87,77.87,77.87
2022-03-22 12:49:00,77.83,77.85,77.81,77.85
2022-03-22 12:50:00,77.83,77.85,77.81,77.85
2022-03-22 12:51:00,77.98,77.99,77.97,77.99
2022-03-22 12:52:00,78.01,78.04,78.01,78.04
2022-03-22 12:53:00,78.09,78.09,78.09,78.09
2022-03-22 12:54:00,78.07,78.12,78.07,78.12
2022-03-22 12:55:00,78.07,78.16,78.07,78.16
2022-03-22 12:56:00,78.15,78.15,78.15,78.15
2022-03-22 12:57:00,78.14,78.14,78.14,78.14
2022-03-22 12:58:00,78.14,78.14,78.14,78.14
2022-03-22 12:59:00,77.96,77.97,77.96,77.97
2022-03-22 13:00:00,78.03,78.03,78.03,78.03
2022-03-22 13:01:00,78.02,78.02,78.02,78.02
2022-03-22 13:02:00,78.06,78.06,78.06,78.06
2022-03-22 13:03:00,78.0,78.0,78.0,78.0
2022-03-22 13:04:00,77.97,77.97,77.97,77.97
2022-03-22 13:05:00,77.97,77.97,77.97,77.97
2022-03-22 13:06:00,78.03,78.03,78.03,78.03
2022-03-22 13:07:00,78.1,78.1,78.1,78.1
2022-03-22 13:08:00,78.1,78.1,78.1,78.1
2022-03-22 13:09:00,78.26,78.21,78.21,78.26
2022-03-22 13:10:00,78.26,78.29,78.26,78.3
2022-03-22 13:11:00,78.37,78.28,78.25,78.37
2022-03-22 13:12:00,78.5,78.47,78.47,78.5
2022-03-22 13:13:00,78.67,78.55,78.55,78.68
2022-03-22 13:14:00,78.71,78.62,78.62,78.71
2022-03-22 13:15:00,78.57,78.57,78.57,78.57
2022-03-22 13:16:00,78.88,78.65,78.65,78.88
2022-03-22 13:17:00,79.03,78.86,78.79,79.03
2022-03-22 13:18:00,79.15,79.06,79.06,79.22
2022-03-22 13:19:00,79.13,79.14,79.13,79.14
2022-03-22 13:20:00,79.04,79.04,79.04,79.04
2022-03-22 13:21:00,78.99,78.99,78.99,78.99
2022-03-22 13:22:00,79.06,79.06,79.06,79.06
2022-03-22 13:23:00,79.08,79.08,79.08,79.08
2022-03-22 13:24:00,79.09,79.11,79.09,79.11
2022-03-22 13:25:00,79.15,79.03,79.01,79.15
2022-03-22 13:26:00,79.15,79.17,79.15,79.19
2022-03-22 13:27:00,79.28,79.17,79.17,79.29
2022-03-22 13:28:00,79.27,79.27,79.24,79.28
2022-03-22 13:29:00,79.36,79.27,79.27,79.36
2022-03-22 13:30:00,79.47,79.4,79.4,79.47
2022-03-22 13:31:00,79.5,79.37,79.37,79.5
2022-03-22 13:32:00,79.47,79.51,79.47,79.51
2022-03-22 13:33:00,79.59,79.5,79.5,79.62
2022-03-22 13:34:00,79.506,79.53,79.46,79.54
2022-03-22 13:35:00,79.46,79.49,79.41,79.52
2022-03-22 13:36:00,79.47,79.48,79.42,79.48
2022-03-22 13:37:00,79.52,79.44,79.44,79.52
2022-03-22 13:38:00,79.46,79.52,79.46,79.52
2022-03-22 13:39:00,79.5,79.48,79.48,79.55
2022-03-22 13:40:00,79.52,79.49,79.49,79.52
2022-03-22 13:41:00,79.52,79.49,79.49,79.52
2022-03-22 13:42:00,79.27,79.32,79.27,79.32
2022-03-22 13:43:00,79.27,79.21,79.21,79.27
2022-03-22 13:44:00,79.24,79.24,79.24,79.24
2022-03-22 13:45:00,79.24,79.24,79.24,79.24
2022-03-22 13:46:00,79.14,79.01,79.01,79.14
2022-03-22 13:47:00,79.17,79.17,79.17,79.17
2022-03-22 13:48:00,79.21,79.21,79.21,79.21
2022-03-22 13:49:00,79.35,79.26,79.26,79.35
2022-03-22 13:50:00,79.32,79.36,79.32,79.36
2022-03-22 13:51:00,79.36,79.36,79.36,79.36
2022-03-22 13:52:00,79.23,79.23,79.23,79.23
2022-03-22 13:53:00,79.11,79.12,79.08,79.12
2022-03-22 13:54:00,79.11,79.11,79.11,79.11
2022-03-22 13:55:00,79.17,79.15,79.15,79.17
2022-03-22 13:56:00,79.19,79.14,79.14,79.19
2022-03-22 13:57:00,79.19,79.14,79.14,79.19
2022-03-22 13:58:00,79.19,79.14,79.14,79.19
2022-03-22 13:59:00,79.19,79.14,79.14,79.19
2022-03-22 14:00:00,79.19,79.14,79.14,79.19
2022-03-22 14:01:00,78.87,78.87,78.87,78.87
2022-03-22 14:02:00,79.03,78.95,78.95,79.03
2022-03-22 14:03:00,78.93,78.95,78.93,78.95
2022-03-22 14:04:00,78.93,78.95,78.93,78.95
2022-03-22 14:05:00,78.94,78.98,78.94,78.98
2022-03-22 14:06:00,78.96,78.96,78.96,78.96
2022-03-22 14:07:00,78.96,78.96,78.96,78.96
2022-03-22 14:08:00,79.01,78.91,78.91,79.01
2022-03-22 14:09:00,79.01,78.91,78.91,79.01
2022-03-22 14:10:00,79.12,79.05,79.05,79.12
2022-03-22 14:11:00,79.28,79.23,79.23,79.28
2022-03-22 14:12:00,79.28,79.23,79.23,79.28
2022-03-22 14:13:00,79.17,79.32,79.17,79.32
2022-03-22 14:14:00,79.11,79.11,79.11,79.11
2022-03-22 14:15:00,79.07,79.07,79.07,79.07
2022-03-22 14:16:00,79.07,79.07,79.07,79.07
2022-03-22 14:17:00,79.07,79.07,79.07,79.07
2022-03-22 14:18:00,79.07,79.07,79.07,79.07
2022-03-22 14:19:00,79.07,79.07,79.07,79.07
2022-03-22 14:20:00,79.07,79.06,79.06,79.07
2022-03-22 14:21:00,78.99,79.13,78.96,79.13
2022-03-22 14:22:00,79.01,78.95,78.95,79.01
2022-03-22 14:23:00,78.84,78.83,78.81,78.84
2022-03-22 14:24:00,78.82,78.84,78.82,78.86
2022-03-22 14:25:00,78.75,78.82,78.75,78.88
2022-03-22 14:26:00,78.8,78.82,78.8,78.82
2022-03-22 14:27:00,78.61,78.78,78.61,78.78
2022-03-22 14:28:00,78.67,78.83,78.67,78.84
2022-03-22 14:29:00,78.62,78.52,78.52,78.64
2022-03-22 14:30:00,78.79,78.679,78.678,78.79
2022-03-22 14:31:00,78.79,78.85,78.79,78.86
2022-03-22 14:32:00,78.79,78.82,78.79,78.82
2022-03-22 14:33:00,78.84,78.78,78.78,78.84
2022-03-22 14:34:00,78.88,78.88,78.88,78.88
2022-03-22 14:35:00,78.85,78.85,78.85,78.85
2022-03-22 14:36:00,78.83,78.85,78.8,78.85
2022-03-22 14:37:00,78.79,78.79,78.79,78.79
2022-03-22 14:38:00,78.84,78.84,78.84,78.84
2022-03-22 14:39:00,78.79,78.79,78.79,78.79
2022-03-22 14:40:00,78.79,78.79,78.79,78.79
2022-03-22 14:41:00,78.79,78.79,78.79,78.79
2022-03-22 14:42:00,78.79,78.79,78.79,78.79
2022-03-22 14:43:00,78.79,78.79,78.79,78.79
2022-03-22 14:44:00,78.87,78.87,78.87,78.87
2022-03-22 14:45:00,78.834,78.834,78.834,78.834
2022-03-22 14:46:00,78.91,78.91,78.91,78.91
2022-03-22 14:47:00,78.93,78.93,78.93,78.93
2022-03-22 14:48:00,78.93,78.93,78.93,78.93
2022-03-22 14:49:00,78.93,78.95,78.93,78.95
2022-03-22 14:50:00,78.83,78.83,78.83,78.83
2022-03-22 14:51:00,78.77,78.77,78.77,78.77
2022-03-22 14:52:00,78.77,78.77,78.77,78.77
2022-03-22 14:53:00,78.74,78.74,78.74,78.74
2022-03-22 14:54:00,78.73,78.72,78.71,78.73
2022-03-22 14:55:00,78.65,78.74,78.65,78.74
2022-03-22 14:56:00,78.65,78.74,78.65,78.74
2022-03-22 14:57:00,78.76,78.78,78.76,78.78
2022-03-22 14:58:00,78.76,78.78,78.76,78.78
2022-03-22 14:59:00,78.76,78.78,78.76,78.78
2022-03-22 15:00:00,78.76,78.78,78.76,78.78
2022-03-22 15:01:00,78.62,78.62,78.62,78.62
2022-03-22 15:02:00,78.62,78.62,78.62,78.62
2022-03-22 15:03:00,78.62,78.62,78.62,78.62
2022-03-22 15:04:00,78.565,78.565,78.565,78.565
2022-03-22 15:05:00,78.565,78.565,78.565,78.565
2022-03-22 15:06:00,78.565,78.565,78.565,78.565
2022-03-22 15:07:00,78.48,78.48,78.48,78.48
2022-03-22 15:08:00,78.48,78.48,78.48,78.48
2022-03-22 15:09:00,78.39,78.39,78.39,78.39
2022-03-22 15:10:00,78.38,78.38,78.38,78.38
2022-03-22 15:11:00,78.38,78.38,78.38,78.38
2022-03-22 15:12:00,78.42,78.4,78.4,78.429
2022-03-22 15:13:00,78.5,78.47,78.47,78.5
2022-03-22 15:14:00,78.5,78.5,78.5,78.5
2022-03-22 15:15:00,78.56,78.48,78.48,78.56
2022-03-22 15:16:00,78.55,78.55,78.55,78.55
2022-03-22 15:17:00,78.47,78.494,78.47,78.494
2022-03-22 15:18:00,78.45,78.45,78.45,78.45
2022-03-22 15:19:00,78.45,78.45,78.45,78.45
2022-03-22 15:20:00,78.44,78.44,78.44,78.44
2022-03-22 15:21:00,78.38,78.41,78.37,78.41
2022-03-22 15:22:00,78.27,78.3,78.27,78.3
2022-03-22 15:23:00,78.35,78.35,78.35,78.35
2022-03-22 15:24:00,78.3,78.3,78.3,78.3
2022-03-22 15:25:00,78.3,78.3,78.3,78.3
2022-03-22 15:26:00,78.3,78.3,78.3,78.3
2022-03-22 15:27:00,78.39,78.39,78.39,78.39
2022-03-22 15:28:00,78.39,78.39,78.39,78.39
2022-03-22 15:29:00,78.4,78.4,78.4,78.4
2022-03-22 15:30:00,78.4,78.4,78.4,78.4
2022-03-22 15:31:00,78.37,78.36,78.36,78.38
2022-03-22 15:32:00,78.37,78.38,78.37,78.38
2022-03-22 15:33:00,78.44,78.4,78.4,78.44
2022-03-22 15:34:00,78.44,78.44,78.44,78.44
2022-03-22 15:35:00,78.44,78.44,78.44,78.44
2022-03-22 15:36:00,78.44,78.44,78.44,78.44
2022-03-22 15:37:00,78.49,78.5,78.49,78.5
2022-03-22 15:38:00,78.49,78.5,78.49,78.5
2022-03-22 15:39:00,78.48,78.48,78.48,78.48
2022-03-22 15:40:00,78.43,78.43,78.43,78.43
2022-03-22 15:41:00,78.39,78.37,78.37,78.39
2022-03-22 15:42:00,78.39,78.37,78.37,78.39
2022-03-22 15:43:00,78.4,78.4,78.4,78.4
2022-03-22 15:44:00,78.4,78.4,78.4,78.4
2022-03-22 15:45:00,78.4,78.4,78.4,78.4
2022-03-22 15:46:00,78.38,78.41,78.38,78.41
2022-03-22 15:47:00,78.42,78.42,78.42,78.42
2022-03-22 15:48:00,78.39,78.45,78.39,78.45
2022-03-22 15:49:00,78.4,78.35,78.35,78.4
2022-03-22 15:50:00,78.4,78.4,78.4,78.41
2022-03-22 15:51:00,78.52,78.46,78.45,78.52
2022-03-22 15:52:00,78.52,78.46,78.45,78.52
2022-03-22 15:53:00,78.56,78.5,78.5,78.56
2022-03-22 15:54:00,78.54,78.57,78.54,78.57
2022-03-22 15:55:00,78.58,78.52,78.52,78.6
2022-03-22 15:56:00,78.6,78.57,78.55,78.62
2022-03-22 15:57:00,78.51,78.6,78.51,78.61
2022-03-22 15:58:00,78.53,78.54,78.5,78.55
2022-03-22 15:59:00,78.61,78.52,78.46,78.62
2022-03-22 16:00:00,78.56,78.59,78.54,78.6
2022-03-23 09:31:00,81.41,81.38,81.38,81.51
2022-03-23 09:32:00,81.44,81.41,81.28,81.44
2022-03-23 09:33:00,81.48,81.45,81.45,81.5
2022-03-23 09:34:00,81.61,81.53,81.48,81.63
2022-03-23 09:35:00,81.63,81.63,81.63,81.67
2022-03-23 09:36:00,81.6,81.59,81.56,81.66
2022-03-23 09:37:00,81.59,81.6,81.59,81.67
2022-03-23 09:38:00,81.61,81.63,81.57,81.63
2022-03-23 09:39:00,81.66,81.59,81.59,81.66
2022-03-23 09:40:00,81.68,81.65,81.63,81.74
2022-03-23 09:41:00,81.62,81.72,81.57,81.72
2022-03-23 09:42:00,81.68,81.62,81.51,81.68
2022-03-23 09:43:00,81.74,81.71,81.71,81.77
2022-03-23 09:44:00,81.61,81.77,81.61,81.77
2022-03-23 09:45:00,81.73,81.65,81.63,81.73
2022-03-23 09:46:00,81.77,81.75,81.75,81.78
2022-03-23 09:47:00,81.72,81.71,81.71,81.72
2022-03-23 09:48:00,81.8,81.72,81.695,81.8
2022-03-23 09:49:00,81.79,81.74,81.74,81.79
2022-03-23 09:50:00,81.62,81.75,81.58,81.75
2022-03-23 09:51:00,81.62,81.64,81.59,81.64
2022-03-23 09:52:00,81.53,81.62,81.5,81.62
2022-03-23 09:53:00,81.45,81.49,81.43,81.52
2022-03-23 09:54:00,81.62,81.49,81.49,81.62
2022-03-23 09:55:00,81.525,81.57,81.52,81.58
2022-03-23 09:56:00,81.495,81.48,81.46,81.5
2022-03-23 09:57:00,81.445,81.51,81.445,81.52
2022-03-23 09:58:00,81.38,81.42,81.38,81.45
2022-03-23 09:59:00,81.44,81.45,81.39,81.45
2022-03-23 10:00:00,81.44,81.43,81.43,81.44
2022-03-23 10:01:00,81.52,81.4,81.35,81.52
2022-03-23 10:02:00,81.5,81.5,81.5,81.5
2022-03-23 10:03:00,81.69,81.69,81.69,81.69
2022-03-23 10:04:00,81.7,81.7,81.7,81.72
2022-03-23 10:05:00,81.74,81.73,81.73,81.74
2022-03-23 10:06:00,81.75,81.72,81.72,81.75
2022-03-23 10:07:00,81.66,81.64,81.63,81.67
2022-03-23 10:08:00,81.59,81.63,81.59,81.64
2022-03-23 10:09:00,81.65,81.65,81.65,81.65
2022-03-23 10:10:00,81.75,81.75,81.75,81.75
2022-03-23 10:11:00,81.72,81.72,81.7,81.73
2022-03-23 10:12:00,81.72,81.71,81.71,81.75
2022-03-23 10:13:00,81.76,81.77,81.76,81.78
2022-03-23 10:14:00,81.76,81.77,81.76,81.78
2022-03-23 10:15:00,81.72,81.72,81.72,81.72
2022-03-23 10:16:00,81.48,81.5,81.48,81.5
2022-03-23 10:17:00,81.48,81.6,81.48,81.6
2022-03-23 10:18:00,81.44,81.51,81.44,81.51
2022-03-23 10:19:00,81.4,81.4,81.4,81.4
2022-03-23 10:20:00,81.21,81.33,81.21,81.33
2022-03-23 10:21:00,81.12,81.08,81.08,81.12
2022-03-23 10:22:00,81.31,81.25,81.25,81.35
2022-03-23 10:23:00,81.34,81.32,81.32,81.34
2022-03-23 10:24:00,81.34,81.32,81.32,81.34
2022-03-23 10:25:00,81.4,81.39,81.39,81.4
2022-03-23 10:26:00,81.36,81.36,81.36,81.36
2022-03-23 10:27:00,81.41,81.44,81.41,81.44
2022-03-23 10:28:00,81.35,81.35,81.35,81.35
2022-03-23 10:29:00,81.3,81.3,81.3,81.3
2022-03-23 10:30:00,81.3,81.27,81.27,81.3
2022-03-23 10:31:00,81.63,81.39,81.39,81.65
2022-03-23 10:32:00,81.67,81.71,81.67,81.71
2022-03-23 10:33:00,81.64,81.71,81.64,81.71
2022-03-23 10:34:00,81.51,81.66,81.51,81.76
2022-03-23 10:35:00,81.51,81.66,81.51,81.76
2022-03-23 10:36:00,81.45,81.61,81.45,81.61
2022-03-23 10:37:00,81.59,81.59,81.59,81.59
2022-03-23 10:38:00,81.58,81.61,81.55,81.61
2022-03-23 10:39:00,81.45,81.595,81.45,81.595
2022-03-23 10:40:00,81.65,81.65,81.65,81.65
2022-03-23 10:41:00,81.65,81.65,81.65,81.65
2022-03-23 10:42:00,81.67,81.67,81.67,81.67
2022-03-23 10:43:00,81.73,81.68,81.68,81.73
2022-03-23 10:44:00,81.85,81.75,81.75,81.86
2022-03-23 10:45:00,81.93,81.9,81.9,81.97
2022-03-23 10:46:00,82.1,81.95,81.95,82.1
2022-03-23 10:47:00,82.13,82.12,82.11,82.13
2022-03-23 10:48:00,82.13,82.09,82.09,82.13
2022-03-23 10:49:00,82.16,82.11,82.11,82.16
2022-03-23 10:50:00,82.15,82.2,82.15,82.2
2022-03-23 10:51:00,82.15,82.15,82.13,82.15
2022-03-23 10:52:00,82.16,82.13,82.13,82.21
2022-03-23 10:53:00,82.23,82.18,82.18,82.25
2022-03-23 10:54:00,82.31,82.24,82.24,82.31
2022-03-23 10:55:00,82.33,82.29,82.29,82.33
2022-03-23 10:56:00,82.24,82.27,82.2,82.27
2022-03-23 10:57:00,82.11,82.2,82.11,82.2
2022-03-23 10:58:00,82.17,82.17,82.17,82.17
2022-03-23 10:59:00,82.25,82.25,82.25,82.25
2022-03-23 11:00:00,82.25,82.25,82.25,82.25
2022-03-23 11:01:00,82.25,82.25,82.25,82.25
2022-03-23 11:02:00,82.2,82.2,82.2,82.2
2022-03-23 11:03:00,82.14,82.19,82.14,82.19
2022-03-23 11:04:00,82.07,82.09,82.07,82.09
2022-03-23 11:05:00,82.15,82.1,82.08,82.15
2022-03-23 11:06:00,82.17,82.17,82.17,82.17
2022-03-23 11:07:00,82.28,82.27,82.27,82.29
2022-03-23 11:08:00,82.25,82.2,82.2,82.25
2022-03-23 11:09:00,82.25,82.2,82.2,82.25
2022-03-23 11:10:00,82.19,82.17,82.16,82.2
2022-03-23 11:11:00,82.2,82.2,82.2,82.2
2022-03-23 11:12:00,82.21,82.21,82.21,82.21
2022-03-23 11:13:00,82.21,82.21,82.21,82.21
2022-03-23 11:14:00,82.25,82.25,82.24,82.25
2022-03-23 11:15:00,82.26,82.27,82.22,82.27
2022-03-23 11:16:00,82.29,82.27,82.27,82.29
2022-03-23 11:17:00,82.26,82.29,82.26,82.29
2022-03-23 11:18:00,82.26,82.29,82.26,82.29
2022-03-23 11:19:00,82.33,82.26,82.26,82.33
2022-03-23 11:20:00,82.35,82.34,82.31,82.35
2022-03-23 11:21:00,82.41,82.41,82.41,82.41
2022-03-23 11:22:00,82.41,82.45,82.41,82.45
2022-03-23 11:23:00,82.38,82.46,82.38,82.46
2022-03-23 11:24:00,82.425,82.425,82.425,82.425
2022-03-23 11:25:00,82.32,82.34,82.32,82.34
2022-03-23 11:26:00,82.34,82.27,82.27,82.36
2022-03-23 11:27:00,82.305,82.34,82.305,82.35
2022-03-23 11:28:00,82.27,82.27,82.27,82.27
2022-03-23 11:29:00,82.27,82.27,82.27,82.27
2022-03-23 11:30:00,82.2,82.24,82.2,82.24
2022-03-23 11:31:00,82.34,82.19,82.19,82.35
2022-03-23 11:32:00,82.34,82.19,82.19,82.35
2022-03-23 11:33:00,82.4,82.36,82.36,82.4
2022-03-23 11:34:00,82.4,82.36,82.36,82.4
2022-03-23 11:35:00,82.35,82.35,82.35,82.35
2022-03-23 11:36:00,82.35,82.35,82.35,82.35
2022-03-23 11:37:00,82.26,82.34,82.25,82.34
2022-03-23 11:38:00,82.26,82.34,82.25,82.34
2022-03-23 11:39:00,82.21,82.21,82.21,82.21
2022-03-23 11:40:00,82.13,82.15,82.13,82.15
2022-03-23 11:41:00,82.1,82.1,82.1,82.1
2022-03-23 11:42:00,82.1,82.1,82.1,82.1
2022-03-23 11:43:00,82.16,82.18,82.16,82.18
2022-03-23 11:44:00,82.16,82.18,82.16,82.18
2022-03-23 11:45:00,82.11,82.11,82.11,82.11
2022-03-23 11:46:00,82.11,82.11,82.11,82.11
2022-03-23 11:47:00,82.11,82.11,82.11,82.11
2022-03-23 11:48:00,82.05,82.05,82.05,82.05
2022-03-23 11:49:00,82.05,82.05,82.05,82.05
2022-03-23 11:50:00,81.9,81.9,81.9,81.9
2022-03-23 11:51:00,81.945,81.95,81.94,81.96
2022-03-23 11:52:00,81.88,81.94,81.88,81.94
2022-03-23 11:53:00,81.93,81.87,81.86,81.94
2022-03-23 11:54:00,81.89,81.94,81.89,81.94
2022-03-23 11:55:00,81.89,81.88,81.88,81.93
2022-03-23 11:56:00,81.94,81.91,81.905,81.94
2022-03-23 11:57:00,81.93,81.95,81.89,81.95
2022-03-23 11:58:00,81.93,81.95,81.89,81.95
2022-03-23 11:59:00,81.98,81.9,81.9,81.98
2022-03-23 12:00:00,81.98,81.9,81.9,81.98
2022-03-23 12:01:00,81.98,81.9,81.9,81.98
2022-03-23 12:02:00,81.95,81.94,81.94,81.95
2022-03-23 12:03:00,81.88,81.97,81.88,82.03
2022-03-23 12:04:00,81.85,81.89,81.84,81.92
2022-03-23 12:05:00,81.86,81.82,81.81,81.87
2022-03-23 12:06:00,81.99,81.98,81.98,81.99
2022-03-23 12:07:00,82.17,82.13,82.13,82.17
2022-03-23 12:08:00,82.17,82.16,82.16,82.19
2022-03-23 12:09:00,82.19,82.14,82.14,82.2
2022-03-23 12:10:00,82.21,82.18,82.18,82.23
2022-03-23 12:11:00,82.17,82.22,82.17,82.22
2022-03-23 12:12:00,82.15,82.2,82.14,82.2
2022-03-23 12:13:00,82.12,82.15,82.12,82.19
2022-03-23 12:14:00,82.1,82.15,82.1,82.15
2022-03-23 12:15:00,82.05,82.05,82.05,82.05
2022-03-23 12:16:00,82.04,82.092,82.04,82.12
2022-03-23 12:17:00,82.01,82.01,82.01,82.01
2022-03-23 12:18:00,82.01,82.01,82.01,82.01
2022-03-23 12:19:00,81.91,81.91,81.91,81.91
2022-03-23 12:20:00,81.87,81.91,81.87,81.91
2022-03-23 12:21:00,81.82,81.84,81.82,81.84
2022-03-23 12:22:00,81.81,81.8,81.8,81.81
2022-03-23 12:23:00,81.57,81.79,81.57,81.79
2022-03-23 12:24:00,81.63,81.63,81.63,81.63
2022-03-23 12:25:00,81.59,81.63,81.59,81.63
2022-03-23 12:26:00,81.7,81.7,81.7,81.7
2022-03-23 12:27:00,81.8,81.69,81.68,81.8
2022-03-23 12:28:00,81.71,81.79,81.71,81.81
2022-03-23 12:29:00,81.62,81.72,81.62,81.72
2022-03-23 12:30:00,81.95,81.66,81.66,81.97
2022-03-23 12:31:00,81.85,81.9,81.85,81.9
2022-03-23 12:32:00,81.89,81.92,81.89,81.92
2022-03-23 12:33:00,81.71,81.84,81.71,81.84
2022-03-23 12:34:00,81.71,81.84,81.71,81.84
2022-03-23 12:35:00,81.69,81.75,81.69,81.75
2022-03-23 12:36:00,81.83,81.73,81.73,81.83
2022-03-23 12:37:00,81.83,81.8,81.8,81.83
2022-03-23 12:38:00,81.83,81.8,81.8,81.83
2022-03-23 12:39:00,81.7,81.778,81.69,81.78
2022-03-23 12:40:00,81.66,81.69,81.66,81.69
2022-03-23 12:41:00,81.72,81.72,81.72,81.72
2022-03-23 12:42:00,81.78,81.82,81.78,81.82
2022-03-23 12:43:00,81.72,81.74,81.72,81.75
2022-03-23 12:44:00,81.63,81.65,81.63,81.65
2022-03-23 12:45:00,81.58,81.58,81.54,81.59
2022-03-23 12:46:00,81.74,81.61,81.61,81.74
2022-03-23 12:47:00,81.79,81.77,81.76,81.79
2022-03-23 12:48:00,81.79,81.77,81.76,81.79
2022-03-23 12:49:00,81.68,81.74,81.67,81.75
2022-03-23 12:50:00,81.68,81.74,81.67,81.75
2022-03-23 12:51:00,81.6,81.66,81.6,81.66
2022-03-23 12:52:00,81.66,81.62,81.61,81.66
2022-03-23 12:53:00,81.73,81.745,81.73,81.745
2022-03-23 12:54:00,81.65,81.68,81.65,81.68
2022-03-23 12:55:00,81.65,81.66,81.65,81.66
2022-03-23 12:56:00,81.7,81.7,81.7,81.7
2022-03-23 12:57:00,81.64,81.64,81.64,81.64
2022-03-23 12:58:00,81.64,81.64,81.64,81.64
2022-03-23 12:59:00,81.59,81.67,81.59,81.67
2022-03-23 13:00:00,81.6,81.61,81.6,81.61
2022-03-23 13:01:00,81.52,81.52,81.49,81.52
2022-03-23 13:02:00,81.57,81.58,81.56,81.58
2022-03-23 13:03:00,81.57,81.58,81.56,81.58
2022-03-23 13:04:00,81.66,81.64,81.64,81.66
2022-03-23 13:05:00,81.67,81.63,81.63,81.71
2022-03-23 13:06:00,81.755,81.7,81.69,81.76
2022-03-23 13:07:00,81.82,81.75,81.73,81.82
2022-03-23 13:08:00,81.81,81.8,81.8,81.81
2022-03-23 13:09:00,81.82,81.8,81.8,81.82
2022-03-23 13:10:00,81.84,81.84,81.84,81.84
2022-03-23 13:11:00,81.81,81.8,81.8,81.81
2022-03-23 13:12:00,81.82,81.82,81.82,81.82
2022-03-23 13:13:00,81.87,81.88,81.87,81.905
2022-03-23 13:14:00,81.87,81.88,81.87,81.905
2022-03-23 13:15:00,81.83,81.83,81.83,81.83
2022-03-23 13:16:00,81.73,81.84,81.73,81.84
2022-03-23 13:17:00,81.73,81.84,81.73,81.84
2022-03-23 13:18:00,81.6,81.64,81.6,81.65
2022-03-23 13:19:00,81.65,81.59,81.574,81.65
2022-03-23 13:20:00,81.71,81.7,81.7,81.71
2022-03-23 13:21:00,81.76,81.75,81.75,81.76
2022-03-23 13:22:00,81.76,81.76,81.76,81.76
2022-03-23 13:23:00,81.71,81.76,81.67,81.76
2022-03-23 13:24:00,81.6,81.66,81.6,81.66
2022-03-23 13:25:00,81.64,81.65,81.6,81.65
2022-03-23 13:26:00,81.58,81.63,81.58,81.64
2022-03-23 13:27:00,81.55,81.58,81.55,81.58
2022-03-23 13:28:00,81.55,81.6,81.55,81.6
2022-03-23 13:29:00,81.58,81.56,81.56,81.58
2022-03-23 13:30:00,81.58,81.56,81.56,81.58
2022-03-23 13:31:00,81.58,81.56,81.56,81.58
2022-03-23 13:32:00,81.67,81.601,81.601,81.67
2022-03-23 13:33:00,81.67,81.68,81.67,81.68
2022-03-23 13:34:00,81.66,81.64,81.64,81.66
2022-03-23 13:35:00,81.73,81.65,81.65,81.74
2022-03-23 13:36:00,81.79,81.72,81.72,81.79
2022-03-23 13:37:00,81.77,81.77,81.77,81.77
2022-03-23 13:38:00,81.77,81.77,81.77,81.77
2022-03-23 13:39:00,81.74,81.74,81.74,81.74
2022-03-23 13:40:00,81.82,81.82,81.81,81.84
2022-03-23 13:41:00,81.82,81.76,81.76,81.82
2022-03-23 13:42:00,81.85,81.85,81.85,81.85
2022-03-23 13:43:00,81.85,81.85,81.85,81.85
2022-03-23 13:44:00,81.85,81.85,81.85,81.85
2022-03-23 13:45:00,81.85,81.85,81.85,81.85
2022-03-23 13:46:00,81.58,81.6,81.57,81.6
2022-03-23 13:47:00,81.55,81.6,81.55,81.6
2022-03-23 13:48:00,81.49,81.47,81.47,81.5
2022-03-23 13:49:00,81.54,81.6,81.54,81.6
2022-03-23 13:50:00,81.52,81.52,81.52,81.52
2022-03-23 13:51:00,81.39,81.42,81.3,81.42
2022-03-23 13:52:00,81.36,81.33,81.33,81.41
2022-03-23 13:53:00,81.36,81.33,81.33,81.41
2022-03-23 13:54:00,81.38,81.38,81.38,81.38
2022-03-23 13:55:00,81.33,81.33,81.33,81.33
2022-03-23 13:56:00,81.33,81.33,81.33,81.33
2022-03-23 13:57:00,81.5,81.5,81.5,81.5
2022-03-23 13:58:00,81.48,81.48,81.48,81.48
2022-03-23 13:59:00,81.42,81.5,81.42,81.5
2022-03-23 14:00:00,81.42,81.5,81.42,81.5
2022-03-23 14:01:00,81.45,81.45,81.45,81.45
2022-03-23 14:02:00,81.45,81.45,81.45,81.45
2022-03-23 14:03:00,81.45,81.45,81.45,81.45
2022-03-23 14:04:00,81.52,81.48,81.48,81.52
2022-03-23 14:05:00,81.4,81.48,81.4,81.48
2022-03-23 14:06:00,81.38,81.49,81.37,81.5
2022-03-23 14:07:00,81.41,81.41,81.41,81.41
2022-03-23 14:08:00,81.52,81.44,81.44,81.52
2022-03-23 14:09:00,81.52,81.44,81.44,81.52
2022-03-23 14:10:00,81.52,81.51,81.51,81.52
2022-03-23 14:11:00,81.72,81.59,81.59,81.72
2022-03-23 14:12:00,81.73,81.72,81.72,81.78
2022-03-23 14:13:00,81.77,81.75,81.73,81.77
2022-03-23 14:14:00,81.87,81.74,81.74,81.87
2022-03-23 14:15:00,81.78,81.77,81.77,81.78
2022-03-23 14:16:00,81.68,81.79,81.68,81.8
2022-03-23 14:17:00,81.64,81.6,81.6,81.64
2022-03-23 14:18:00,81.69,81.69,81.69,81.69
2022-03-23 14:19:00,81.69,81.69,81.69,81.69
2022-03-23 14:20:00,81.73,81.73,81.73,81.73
2022-03-23 14:21:00,81.67,81.67,81.67,81.67
2022-03-23 14:22:00,81.67,81.67,81.67,81.67
2022-03-23 14:23:00,81.87,81.88,81.87,81.88
2022-03-23 14:24:00,81.92,81.9,81.875,81.92
2022-03-23 14:25:00,81.92,81.96,81.92,81.96
2022-03-23 14:26:00,82.03,81.99,81.97,82.03
2022-03-23 14:27:00,82.0,82.03,81.99,82.04
2022-03-23 14:28:00,82.21,82.041,82.041,82.21
2022-03-23 14:29:00,82.22,82.21,82.21,82.28
2022-03-23 14:30:00,82.27,82.28,82.27,82.29
2022-03-23 14:31:00,82.31,82.23,82.23,82.33
2022-03-23 14:32:00,82.38,82.37,82.37,82.38
2022-03-23 14:33:00,82.27,82.262,82.262,82.27
2022-03-23 14:34:00,82.27,82.262,82.262,82.27
2022-03-23 14:35:00,82.28,82.31,82.27,82.33
2022-03-23 14:36:00,82.25,82.28,82.25,82.28
2022-03-23 14:37:00,82.331,82.27,82.26,82.332
2022-03-23 14:38:00,82.34,82.331,82.331,82.34
2022-03-23 14:39:00,82.29,82.33,82.29,82.33
2022-03-23 14:40:00,82.27,82.28,82.27,82.28
2022-03-23 14:41:00,82.34,82.34,82.34,82.34
2022-03-23 14:42:00,82.43,82.42,82.42,82.43
2022-03-23 14:43:00,82.43,82.45,82.43,82.45
2022-03-23 14:44:00,82.41,82.41,82.41,82.41
2022-03-23 14:45:00,82.46,82.455,82.45,82.465
2022-03-23 14:46:00,82.44,82.475,82.44,82.475
2022-03-23 14:47:00,82.35,82.42,82.35,82.42
2022-03-23 14:48:00,82.35,82.35,82.34,82.39
2022-03-23 14:49:00,82.38,82.37,82.345,82.38
2022-03-23 14:50:00,82.37,82.35,82.34,82.37
2022-03-23 14:51:00,82.29,82.3,82.29,82.3
2022-03-23 14:52:00,82.27,82.28,82.26,82.28
2022-03-23 14:53:00,82.27,82.3,82.27,82.3
2022-03-23 14:54:00,82.25,82.23,82.23,82.25
2022-03-23 14:55:00,82.25,82.24,82.24,82.27
2022-03-23 14:56:00,82.24,82.24,82.24,82.24
2022-03-23 14:57:00,82.26,82.24,82.24,82.26
2022-03-23 14:58:00,82.29,82.29,82.29,82.29
2022-03-23 14:59:00,82.24,82.24,82.24,82.24
2022-03-23 15:00:00,82.23,82.26,82.23,82.26
2022-03-23 15:01:00,82.23,82.26,82.23,82.26
2022-03-23 15:02:00,82.23,82.26,82.23,82.26
2022-03-23 15:03:00,82.23,82.26,82.23,82.26
2022-03-23 15:04:00,82.18,82.18,82.18,82.18
2022-03-23 15:05:00,82.18,82.18,82.18,82.18
2022-03-23 15:06:00,82.18,82.18,82.18,82.18
2022-03-23 15:07:00,82.24,82.28,82.24,82.28
2022-03-23 15:08:00,82.21,82.24,82.21,82.24
2022-03-23 15:09:00,82.17,82.17,82.17,82.17
2022-03-23 15:10:00,82.21,82.23,82.21,82.23
2022-03-23 15:11:00,82.21,82.23,82.2,82.23
2022-03-23 15:12:00,82.26,82.24,82.24,82.26
2022-03-23 15:13:00,82.26,82.24,82.24,82.26
2022-03-23 15:14:00,82.25,82.26,82.24,82.265
2022-03-23 15:15:00,82.3,82.255,82.24,82.31
2022-03-23 15:16:00,82.35,82.31,82.31,82.35
2022-03-23 15:17:00,82.36,82.36,82.36,82.36
2022-03-23 15:18:00,82.35,82.35,82.35,82.35
2022-03-23 15:19:00,82.28,82.34,82.28,82.36
2022-03-23 15:20:00,82.28,82.28,82.28,82.28
2022-03-23 15:21:00,82.22,82.27,82.21,82.28
2022-03-23 15:22:00,82.18,82.18,82.18,82.18
2022-03-23 15:23:00,82.181,82.2,82.181,82.2
2022-03-23 15:24:00,82.21,82.2,82.2,82.21
2022-03-23 15:25:00,82.31,82.22,82.22,82.32
2022-03-23 15:26:00,82.331,82.33,82.33,82.34
2022-03-23 15:27:00,82.25,82.27,82.25,82.27
2022-03-23 15:28:00,82.28,82.25,82.25,82.28
2022-03-23 15:29:00,82.29,82.28,82.28,82.3
2022-03-23 15:30:00,82.22,82.22,82.22,82.22
2022-03-23 15:31:00,82.31,82.24,82.24,82.35
2022-03-23 15:32:00,82.26,82.3,82.26,82.3
2022-03-23 15:33:00,82.26,82.26,82.26,82.26
2022-03-23 15:34:00,82.28,82.26,82.26,82.28
2022-03-23 15:35:00,82.32,82.32,82.32,82.32
2022-03-23 15:36:00,82.28,82.31,82.28,82.31
2022-03-23 15:37:00,82.29,82.29,82.28,82.29
2022-03-23 15:38:00,82.26,82.31,82.25,82.31
2022-03-23 15:39:00,82.25,82.26,82.25,82.29
2022-03-23 15:40:00,82.23,82.24,82.2,82.24
2022-03-23 15:41:00,82.2,82.24,82.19,82.25
2022-03-23 15:42:00,82.21,82.19,82.19,82.21
2022-03-23 15:43:00,82.27,82.27,82.26,82.27
2022-03-23 15:44:00,82.34,82.26,82.26,82.35
2022-03-23 15:45:00,82.35,82.35,82.34,82.36
2022-03-23 15:46:00,82.29,82.32,82.29,82.32
2022-03-23 15:47:00,82.16,82.2,82.16,82.2
2022-03-23 15:48:00,82.14,82.15,82.08,82.15
2022-03-23 15:49:00,82.11,82.14,82.1,82.14
2022-03-23 15:50:00,82.12,82.11,82.08,82.12
2022-03-23 15:51:00,82.16,82.18,82.14,82.18
2022-03-23 15:52:00,82.17,82.18,82.125,82.18
2022-03-23 15:53:00,82.04,82.13,82.04,82.13
2022-03-23 15:54:00,82.06,82.05,82.05,82.07
2022-03-23 15:55:00,81.99,82.06,81.98,82.065
2022-03-23 15:56:00,81.96,81.965,81.94,81.98
2022-03-23 15:57:00,81.92,81.95,81.88,81.95
2022-03-23 15:58:00,81.94,81.88,81.88,81.95
2022-03-23 15:59:00,81.93,81.935,81.93,81.96
2022-03-23 16:00:00,81.95,81.92,81.89,81.95
2022-03-24 09:31:00,81.62,81.67,81.62,81.72
2022-03-24 09:32:00,81.62,81.67,81.62,81.72
2022-03-24 09:33:00,81.61,81.66,81.57,81.66
2022-03-24 09:34:00,81.59,81.61,81.54,81.64
2022-03-24 09:35:00,81.47,81.63,81.47,81.63
2022-03-24 09:36:00,81.34,81.48,81.315,81.48
2022-03-24 09:37:00,81.14,81.33,81.12,81.33
2022-03-24 09:38:00,81.18,81.2,81.18,81.35
2022-03-24 09:39:00,81.26,81.26,81.26,81.26
2022-03-24 09:40:00,81.21,81.2,81.2,81.21
2022-03-24 09:41:00,81.32,81.23,81.23,81.33
2022-03-24 09:42:00,81.39,81.27,81.27,81.4
2022-03-24 09:43:00,81.34,81.38,81.34,81.39
2022-03-24 09:44:00,81.23,81.29,81.23,81.29
2022-03-24 09:45:00,81.35,81.26,81.26,81.35
2022-03-24 09:46:00,81.26,81.25,81.15,81.3
2022-03-24 09:47:00,81.41,81.37,81.37,81.41
2022-03-24 09:48:00,81.42,81.41,81.41,81.42
2022-03-24 09:49:00,81.33,81.44,81.32,81.455
2022-03-24 09:50:00,81.53,81.35,81.35,81.53
2022-03-24 09:51:00,81.59,81.58,81.57,81.59
2022-03-24 09:52:00,81.5,81.5,81.5,81.5
2022-03-24 09:53:00,81.57,81.48,81.48,81.57
2022-03-24 09:54:00,81.46,81.48,81.46,81.48
2022-03-24 09:55:00,81.46,81.48,81.46,81.48
2022-03-24 09:56:00,81.49,81.49,81.49,81.49
2022-03-24 09:57:00,81.22,81.22,81.22,81.22
2022-03-24 09:58:00,81.07,81.22,81.051,81.22
2022-03-24 09:59:00,80.87,80.96,80.7,80.96
2022-03-24 10:00:00,80.8,80.77,80.76,80.8
2022-03-24 10:01:00,80.98,80.94,80.94,80.98
2022-03-24 10:02:00,80.86,80.86,80.86,80.86
2022-03-24 10:03:00,80.86,80.86,80.86,80.86
2022-03-24 10:04:00,80.94,80.808,80.808,80.94
2022-03-24 10:05:00,80.86,80.9,80.86,80.92
2022-03-24 10:06:00,80.98,80.9,80.9,80.98
2022-03-24 10:07:00,81.05,80.93,80.93,81.05
2022-03-24 10:08:00,80.95,81.01,80.95,81.01
2022-03-24 10:09:00,80.71,80.85,80.64,80.86
2022-03-24 10:10:00,80.75,80.72,80.72,80.75
2022-03-24 10:11:00,80.77,80.73,80.73,80.77
2022-03-24 10:12:00,80.48,80.67,80.48,80.67
2022-03-24 10:13:00,80.35,80.58,80.35,80.58
2022-03-24 10:14:00,80.41,80.41,80.41,80.41
2022-03-24 10:15:00,80.26,80.43,80.19,80.43
2022-03-24 10:16:00,80.53,80.24,80.24,80.53
2022-03-24 10:17:00,80.44,80.58,80.44,80.58
2022-03-24 10:18:00,80.62,80.62,80.62,80.62
2022-03-24 10:19:00,80.62,80.62,80.62,80.62
2022-03-24 10:20:00,80.48,80.47,80.47,80.48
2022-03-24 10:21:00,80.43,80.43,80.43,80.43
2022-03-24 10:22:00,80.43,80.43,80.43,80.43
2022-03-24 10:23:00,80.43,80.43,80.43,80.43
2022-03-24 10:24:00,80.46,80.58,80.46,80.61
2022-03-24 10:25:00,80.46,80.58,80.46,80.61
2022-03-24 10:26:00,80.46,80.58,80.46,80.61
2022-03-24 10:27:00,80.54,80.53,80.53,80.54
2022-03-24 10:28:00,80.58,80.63,80.58,80.63
2022-03-24 10:29:00,80.58,80.63,80.58,80.63
2022-03-24 10:30:00,80.64,80.58,80.57,80.64
2022-03-24 10:31:00,80.63,80.63,80.63,80.63
2022-03-24 10:32:00,80.66,80.62,80.59,80.66
2022-03-24 10:33:00,80.69,80.67,80.66,80.69
2022-03-24 10:34:00,80.69,80.7,80.68,80.7
2022-03-24 10:35:00,80.61,80.68,80.61,80.68
2022-03-24 10:36:00,80.69,80.63,80.6,80.76
2022-03-24 10:37:00,80.86,80.71,80.71,80.86
2022-03-24 10:38:00,80.85,80.9,80.84,80.9
2022-03-24 10:39:00,80.8,80.85,80.8,80.85
2022-03-24 10:40:00,80.85,80.85,80.85,80.85
2022-03-24 10:41:00,80.78,80.78,80.78,80.78
2022-03-24 10:42:00,80.9,80.83,80.83,80.9
2022-03-24 10:43:00,81.05,80.92,80.92,81.05
2022-03-24 10:44:00,81.12,80.97,80.96,81.12
2022-03-24 10:45:00,81.22,81.15,81.14,81.22
2022-03-24 10:46:00,81.17,81.16,81.16,81.17
2022-03-24 10:47:00,81.2,81.18,81.15,81.2
2022-03-24 10:48:00,81.02,81.18,81.02,81.18
2022-03-24 10:49:00,81.02,81.18,81.02,81.18
2022-03-24 10:50:00,81.05,81.05,81.05,81.05
2022-03-24 10:51:00,81.06,81.06,81.06,81.06
2022-03-24 10:52:00,81.2,81.2,81.2,81.2
2022-03-24 10:53:00,81.45,81.27,81.27,81.45
2022-03-24 10:54:00,81.45,81.46,81.45,81.46
2022-03-24 10:55:00,81.43,81.43,81.43,81.43
2022-03-24 10:56:00,81.65,81.58,81.58,81.65
2022-03-24 10:57:00,81.65,81.58,81.58,81.65
2022-03-24 10:58:00,81.65,81.58,81.58,81.65
2022-03-24 10:59:00,81.71,81.71,81.71,81.71
2022-03-24 11:00:00,81.68,81.67,81.67,81.68
2022-03-24 11:01:00,81.6,81.64,81.6,81.64
2022-03-24 11:02:00,81.41,81.53,81.305,81.53
2022-03-24 11:03:00,81.37,81.37,81.3,81.4
2022-03-24 11:04:00,81.48,81.48,81.48,81.49
2022-03-24 11:05:00,81.46,81.46,81.45,81.46
2022-03-24 11:06:00,81.46,81.46,81.45,81.46
2022-03-24 11:07:00,81.49,81.45,81.38,81.49
2022-03-24 11:08:00,81.46,81.48,81.46,81.48
2022-03-24 11:09:00,81.46,81.48,81.46,81.48
2022-03-24 11:10:00,81.47,81.49,81.47,81.49
2022-03-24 11:11:00,81.51,81.51,81.51,81.51
2022-03-24 11:12:00,81.53,81.44,81.36,81.54
2022-03-24 11:13:00,81.38,81.48,81.38,81.48
2022-03-24 11:14:00,81.37,81.4,81.32,81.4
2022-03-24 11:15:00,81.41,81.4,81.37,81.41
2022-03-24 11:16:00,81.44,81.41,81.41,81.44
2022-03-24 11:17:00,81.33,81.42,81.33,81.42
2022-03-24 11:18:00,81.33,81.36,81.33,81.36
2022-03-24 11:19:00,81.27,81.27,81.27,81.27
2022-03-24 11:20:00,81.09,81.09,81.09,81.09
2022-03-24 11:21:00,81.04,81.04,81.0,81.06
2022-03-24 11:22:00,81.11,81.01,81.01,81.11
2022-03-24 11:23:00,81.12,81.13,81.12,81.17
2022-03-24 11:24:00,81.12,81.13,81.12,81.17
2022-03-24 11:25:00,80.83,80.89,80.83,80.89
2022-03-24 11:26:00,80.84,80.89,80.84,80.9
2022-03-24 11:27:00,80.78,80.85,80.78,80.93
2022-03-24 11:28:00,80.8,80.8,80.8,80.8
2022-03-24 11:29:00,80.87,80.83,80.81,80.88
2022-03-24 11:30:00,80.94,80.94,80.94,80.94
2022-03-24 11:31:00,80.86,80.86,80.86,80.86
2022-03-24 11:32:00,80.92,80.94,80.92,80.94
2022-03-24 11:33:00,81.02,81.06,80.98,81.07
2022-03-24 11:34:00,81.01,81.01,81.01,81.01
2022-03-24 11:35:00,80.92,81.01,80.92,81.01
2022-03-24 11:36:00,80.86,80.865,80.86,80.865
2022-03-24 11:37:00,80.86,80.865,80.86,80.865
2022-03-24 11:38:00,80.86,80.865,80.86,80.865
2022-03-24 11:39:00,80.68,80.68,80.68,80.68
2022-03-24 11:40:00,80.62,80.64,80.6,80.64
2022-03-24 11:41:00,80.7,80.7,80.68,80.78
2022-03-24 11:42:00,80.75,80.75,80.75,80.75
2022-03-24 11:43:00,80.67,80.73,80.67,80.73
2022-03-24 11:44:00,80.65,80.66,80.65,80.67
2022-03-24 11:45:00,80.59,80.65,80.59,80.7
2022-03-24 11:46:00,80.68,80.6,80.59,80.69
2022-03-24 11:47:00,80.63,80.68,80.63,80.69
2022-03-24 11:48:00,80.6,80.69,80.6,80.69
2022-03-24 11:49:00,80.38,80.59,80.38,80.59
2022-03-24 11:50:00,80.46,80.46,80.39,80.47
2022-03-24 11:51:00,80.46,80.46,80.46,80.46
2022-03-24 11:52:00,80.55,80.55,80.55,80.55
2022-03-24 11:53:00,80.55,80.55,80.55,80.55
2022-03-24 11:54:00,80.55,80.55,80.55,80.55
2022-03-24 11:55:00,80.52,80.5,80.5,80.52
2022-03-24 11:56:00,80.39,80.47,80.35,80.47
2022-03-24 11:57:00,80.29,80.39,80.1,80.39
2022-03-24 11:58:00,80.27,80.27,80.22,80.29
2022-03-24 11:59:00,80.21,80.25,80.2,80.28
2022-03-24 12:00:00,80.31,80.22,80.22,80.31
2022-03-24 12:01:00,80.37,80.32,80.31,80.37
2022-03-24 12:02:00,80.35,80.35,80.33,80.36
2022-03-24 12:03:00,80.41,80.44,80.41,80.44
2022-03-24 12:04:00,80.54,80.4,80.4,80.55
2022-03-24 12:05:00,80.58,80.56,80.56,80.58
2022-03-24 12:06:00,80.64,80.64,80.6,80.64
2022-03-24 12:07:00,80.47,80.47,80.47,80.47
2022-03-24 12:08:00,80.47,80.47,80.47,80.47
2022-03-24 12:09:00,80.46,80.41,80.41,80.46
2022-03-24 12:10:00,80.48,80.48,80.48,80.48
2022-03-24 12:11:00,80.37,80.44,80.35,80.44
2022-03-24 12:12:00,80.41,80.29,80.29,80.41
2022-03-24 12:13:00,80.39,80.38,80.38,80.39
2022-03-24 12:14:00,80.37,80.4,80.32,80.44
2022-03-24 12:15:00,80.33,80.4,80.33,80.4
2022-03-24 12:16:00,80.29,80.335,80.29,80.335
2022-03-24 12:17:00,80.42,80.32,80.32,80.43
2022-03-24 12:18:00,80.49,80.4,80.4,80.49
2022-03-24 12:19:00,80.49,80.49,80.48,80.5
2022-03-24 12:20:00,80.48,80.49,80.46,80.5
2022-03-24 12:21:00,80.45,80.45,80.45,80.45
2022-03-24 12:22:00,80.49,80.48,80.48,80.49
2022-03-24 12:23:00,80.43,80.46,80.43,80.46
2022-03-24 12:24:00,80.62,80.56,80.56,80.62
2022-03-24 12:25:00,80.62,80.56,80.56,80.62
2022-03-24 12:26:00,80.57,80.59,80.55,80.6
2022-03-24 12:27:00,80.68,80.63,80.63,80.69
2022-03-24 12:28:00,80.65,80.66,80.65,80.66
2022-03-24 12:29:00,80.68,80.68,80.68,80.68
2022-03-24 12:30:00,80.7,80.7,80.7,80.7
2022-03-24 12:31:00,80.7,80.7,80.7,80.7
2022-03-24 12:32:00,80.8,80.77,80.77,80.8
2022-03-24 12:33:00,80.88,80.88,80.88,80.88
2022-03-24 12:34:00,80.87,80.85,80.85,80.88
2022-03-24 12:35:00,80.88,80.85,80.82,80.88
2022-03-24 12:36:00,80.86,80.87,80.86,80.89
2022-03-24 12:37:00,80.91,80.83,80.83,80.955
2022-03-24 12:38:00,80.91,80.91,80.91,80.91
2022-03-24 12:39:00,80.835,80.835,80.835,80.835
2022-03-24 12:40:00,80.79,80.79,80.79,80.79
2022-03-24 12:41:00,80.92,80.92,80.92,80.92
2022-03-24 12:42:00,80.92,80.92,80.92,80.92
2022-03-24 12:43:00,81.0,81.0,81.0,81.0
2022-03-24 12:44:00,80.93,80.94,80.88,80.94
2022-03-24 12:45:00,80.83,80.92,80.83,80.92
2022-03-24 12:46:00,80.83,80.92,80.83,80.92
2022-03-24 12:47:00,80.71,80.71,80.71,80.71
2022-03-24 12:48:00,80.71,80.71,80.71,80.71
2022-03-24 12:49:00,80.74,80.74,80.74,80.74
2022-03-24 12:50:00,80.61,80.65,80.61,80.65
2022-03-24 12:51:00,80.71,80.71,80.71,80.71
2022-03-24 12:52:00,80.77,80.74,80.72,80.77
2022-03-24 12:53:00,80.9,80.81,80.81,80.9
2022-03-24 12:54:00,80.89,80.89,80.89,80.89
2022-03-24 12:55:00,80.9,80.9,80.9,80.9
2022-03-24 12:56:00,80.91,80.91,80.91,80.91
2022-03-24 12:57:00,80.92,80.95,80.92,80.95
2022-03-24 12:58:00,80.89,80.95,80.89,80.95
2022-03-24 12:59:00,80.86,80.86,80.86,80.86
2022-03-24 13:00:00,80.9,80.86,80.86,80.9
2022-03-24 13:01:00,80.98,80.93,80.93,80.995
2022-03-24 13:02:00,80.92,80.93,80.92,80.95
2022-03-24 13:03:00,80.92,80.93,80.92,80.95
2022-03-24 13:04:00,80.85,80.87,80.85,80.88
2022-03-24 13:05:00,80.85,80.87,80.85,80.88
2022-03-24 13:06:00,80.85,80.87,80.85,80.88
2022-03-24 13:07:00,80.74,80.85,80.74,80.85
2022-03-24 13:08:00,80.74,80.85,80.74,80.85
2022-03-24 13:09:00,80.74,80.85,80.74,80.85
2022-03-24 13:10:00,80.74,80.85,80.74,80.85
2022-03-24 13:11:00,80.84,80.81,80.81,80.84
2022-03-24 13:12:00,80.85,80.85,80.85,80.85
2022-03-24 13:13:00,80.89,80.89,80.89,80.89
2022-03-24 13:14:00,80.89,80.89,80.89,80.89
2022-03-24 13:15:00,80.8,80.82,80.8,80.82
2022-03-24 13:16:00,80.72,80.73,80.7,80.74
2022-03-24 13:17:00,80.7,80.7,80.7,80.7
2022-03-24 13:18:00,80.68,80.68,80.68,80.68
2022-03-24 13:19:00,80.7,80.71,80.7,80.71
2022-03-24 13:20:00,80.64,80.63,80.63,80.64
2022-03-24 13:21:00,80.71,80.65,80.64,80.71
2022-03-24 13:22:00,80.71,80.74,80.71,80.76
2022-03-24 13:23:00,80.72,80.7,80.67,80.72
2022-03-24 13:24:00,80.83,80.73,80.73,80.83
2022-03-24 13:25:00,80.84,80.84,80.83,80.85
2022-03-24 13:26:00,80.91,80.86,80.82,80.91
2022-03-24 13:27:00,80.98,80.91,80.91,80.98
2022-03-24 13:28:00,80.96,80.97,80.96,80.97
2022-03-24 13:29:00,81.0,81.0,81.0,81.0
2022-03-24 13:30:00,81.02,81.04,81.02,81.04
2022-03-24 13:31:00,81.09,81.09,81.09,81.09
2022-03-24 13:32:00,81.17,81.12,81.12,81.17
2022-03-24 13:33:00,81.32,81.24,81.22,81.32
2022-03-24 13:34:00,81.34,81.32,81.32,81.34
2022-03-24 13:35:00,81.28,81.35,81.28,81.35
2022-03-24 13:36:00,81.1,81.26,81.08,81.26
2022-03-24 13:37:00,81.0,81.08,81.0,81.08
2022-03-24 13:38:00,80.93,80.93,80.93,80.93
2022-03-24 13:39:00,80.93,80.93,80.93,80.93
2022-03-24 13:40:00,80.91,80.91,80.91,80.91
2022-03-24 13:41:00,80.97,80.97,80.97,80.98
2022-03-24 13:42:00,80.97,80.97,80.97,80.97
2022-03-24 13:43:00,80.92,80.97,80.92,80.97
2022-03-24 13:44:00,80.92,80.92,80.92,80.92
2022-03-24 13:45:00,80.92,80.92,80.92,80.92
2022-03-24 13:46:00,80.9,80.9,80.9,80.9
2022-03-24 13:47:00,80.98,80.9,80.9,80.98
2022-03-24 13:48:00,80.95,80.96,80.95,80.96
2022-03-24 13:49:00,80.95,80.95,80.95,80.95
2022-03-24 13:50:00,81.18,81.14,81.14,81.18
2022-03-24 13:51:00,81.17,81.15,81.15,81.17
2022-03-24 13:52:00,81.14,81.14,81.14,81.14
2022-03-24 13:53:00,81.22,81.2,81.2,81.22
2022-03-24 13:54:00,81.22,81.2,81.18,81.24
2022-03-24 13:55:00,81.19,81.19,81.19,81.19
2022-03-24 13:56:00,81.19,81.19,81.19,81.19
2022-03-24 13:57:00,81.23,81.2,81.2,81.23
2022-03-24 13:58:00,81.21,81.21,81.21,81.21
2022-03-24 13:59:00,81.04,81.04,81.04,81.04
2022-03-24 14:00:00,81.2,81.2,81.2,81.2
2022-03-24 14:01:00,81.15,81.15,81.15,81.15
2022-03-24 14:02:00,81.13,81.13,81.13,81.13
2022-03-24 14:03:00,81.01,80.98,80.98,81.01
2022-03-24 14:04:00,80.96,81.07,80.96,81.07
2022-03-24 14:05:00,80.96,80.96,80.96,80.96
2022-03-24 14:06:00,80.96,80.96,80.96,80.96
2022-03-24 14:07:00,81.0,81.01,81.0,81.01
2022-03-24 14:08:00,81.01,80.96,80.96,81.01
2022-03-24 14:09:00,81.0,81.015,81.0,81.03
2022-03-24 14:10:00,81.0,81.015,81.0,81.03
2022-03-24 14:11:00,81.14,81.12,81.12,81.14
2022-03-24 14:12:00,81.14,81.12,81.12,81.14
2022-03-24 14:13:00,80.99,81.01,80.99,81.01
2022-03-24 14:14:00,81.02,81.02,81.02,81.02
2022-03-24 14:15:00,80.93,81.02,80.91,81.02
2022-03-24 14:16:00,80.93,81.02,80.91,81.02
2022-03-24 14:17:00,81.06,81.04,81.04,81.06
2022-03-24 14:18:00,80.9,80.9,80.9,80.9
2022-03-24 14:19:00,80.84,80.91,80.84,80.91
2022-03-24 14:20:00,80.68,80.76,80.68,80.79
2022-03-24 14:21:00,80.68,80.68,80.68,80.68
2022-03-24 14:22:00,80.65,80.65,80.65,80.65
2022-03-24 14:23:00,80.61,80.61,80.61,80.61
2022-03-24 14:24:00,80.67,80.69,80.67,80.69
2022-03-24 14:25:00,80.67,80.69,80.67,80.69
2022-03-24 14:26:00,80.75,80.73,80.73,80.75
2022-03-24 14:27:00,80.63,80.63,80.63,80.63
2022-03-24 14:28:00,80.53,80.72,80.53,80.72
2022-03-24 14:29:00,80.38,80.52,80.38,80.52
2022-03-24 14:30:00,80.31,80.33,80.31,80.35
2022-03-24 14:31:00,80.33,80.31,80.31,80.33
2022-03-24 14:32:00,80.28,80.29,80.28,80.29
2022-03-24 14:33:00,80.27,80.27,80.27,80.27
2022-03-24 14:34:00,80.08,80.17,80.08,80.17
2022-03-24 14:35:00,80.15,80.07,80.07,80.15
2022-03-24 14:36:00,80.2,80.22,80.2,80.22
2022-03-24 14:37:00,79.76,80.18,79.72,80.18
2022-03-24 14:38:00,79.86,79.85,79.85,79.92
2022-03-24 14:39:00,79.67,79.72,79.66,79.72
2022-03-24 14:40:00,79.7,79.7,79.65,79.75
2022-03-24 14:41:00,79.654,79.73,79.53,79.73
2022-03-24 14:42:00,79.73,79.81,79.73,79.82
2022-03-24 14:43:00,79.67,79.73,79.67,79.78
2022-03-24 14:44:00,79.58,79.6,79.58,79.6
2022-03-24 14:45:00,79.37,79.59,79.34,79.59
2022-03-24 14:46:00,79.43,79.41,79.3,79.44
2022-03-24 14:47:00,79.58,79.46,79.46,79.58
2022-03-24 14:48:00,79.63,79.63,79.63,79.63
2022-03-24 14:49:00,79.67,79.6,79.6,79.7
2022-03-24 14:50:00,79.69,79.69,79.69,79.69
2022-03-24 14:51:00,79.6,79.66,79.6,79.66
2022-03-24 14:52:00,79.65,79.63,79.63,79.66
2022-03-24 14:53:00,79.61,79.61,79.61,79.61
2022-03-24 14:54:00,79.55,79.55,79.55,79.55
2022-03-24 14:55:00,79.5,79.5,79.5,79.5
2022-03-24 14:56:00,79.5,79.46,79.46,79.5
2022-03-24 14:57:00,79.58,79.58,79.58,79.58
2022-03-24 14:58:00,79.59,79.59,79.58,79.6
2022-03-24 14:59:00,79.63,79.63,79.63,79.63
2022-03-24 15:00:00,79.69,79.68,79.68,79.69
2022-03-24 15:01:00,79.67,79.65,79.64,79.67
2022-03-24 15:02:00,79.67,79.67,79.67,79.67
2022-03-24 15:03:00,79.57,79.6,79.57,79.6
2022-03-24 15:04:00,79.57,79.52,79.52,79.57
2022-03-24 15:05:00,79.56,79.62,79.56,79.64
2022-03-24 15:06:00,79.72,79.65,79.65,79.72
2022-03-24 15:07:00,79.7,79.704,79.7,79.704
2022-03-24 15:08:00,79.71,79.75,79.71,79.75
2022-03-24 15:09:00,79.75,79.74,79.73,79.76
2022-03-24 15:10:00,79.77,79.79,79.77,79.79
2022-03-24 15:11:00,79.7,79.78,79.7,79.82
2022-03-24 15:12:00,79.53,79.57,79.53,79.6
2022-03-24 15:13:00,79.51,79.51,79.51,79.51
2022-03-24 15:14:00,79.62,79.62,79.62,79.62
2022-03-24 15:15:00,79.62,79.62,79.62,79.62
2022-03-24 15:16:00,79.62,79.62,79.62,79.62
2022-03-24 15:17:00,79.7,79.62,79.6,79.7
2022-03-24 15:18:00,79.75,79.75,79.75,79.75
2022-03-24 15:19:00,79.6,79.63,79.6,79.63
2022-03-24 15:20:00,79.6,79.625,79.6,79.67
2022-03-24 15:21:00,79.52,79.59,79.5,79.59
2022-03-24 15:22:00,79.57,79.57,79.57,79.57
2022-03-24 15:23:00,79.67,79.67,79.67,79.67
2022-03-24 15:24:00,79.67,79.67,79.67,79.67
2022-03-24 15:25:00,79.67,79.67,79.67,79.67
2022-03-24 15:26:00,79.74,79.73,79.73,79.74
2022-03-24 15:27:00,79.71,79.71,79.71,79.71
2022-03-24 15:28:00,79.71,79.71,79.71,79.71
2022-03-24 15:29:00,79.7,79.7,79.7,79.7
2022-03-24 15:30:00,79.8,79.68,79.68,79.8
2022-03-24 15:31:00,79.76,79.76,79.76,79.79
2022-03-24 15:32:00,79.77,79.85,79.77,79.85
2022-03-24 15:33:00,79.79,79.77,79.77,79.79
2022-03-24 15:34:00,79.8,79.8,79.8,79.8
2022-03-24 15:35:00,79.82,79.82,79.82,79.82
2022-03-24 15:36:00,79.79,79.79,79.79,79.82
2022-03-24 15:37:00,79.79,79.8,79.79,79.8
2022-03-24 15:38:00,79.83,79.8,79.8,79.83
2022-03-24 15:39:00,79.81,79.85,79.8,79.86
2022-03-24 15:40:00,79.8,79.85,79.8,79.85
2022-03-24 15:41:00,79.77,79.79,79.77,79.81
2022-03-24 15:42:00,79.82,79.78,79.78,79.83
2022-03-24 15:43:00,79.78,79.83,79.77,79.83
2022-03-24 15:44:00,79.81,79.78,79.78,79.81
2022-03-24 15:45:00,79.79,79.81,79.79,79.81
2022-03-24 15:46:00,79.81,79.8,79.8,79.84
2022-03-24 15:47:00,79.79,79.82,79.77,79.83
2022-03-24 15:48:00,79.82,79.81,79.81,79.83
2022-03-24 15:49:00,79.82,79.83,79.8,79.83
2022-03-24 15:50:00,79.81,79.8,79.8,79.82
2022-03-24 15:51:00,79.85,79.81,79.81,79.85
2022-03-24 15:52:00,79.845,79.84,79.83,79.85
2022-03-24 15:53:00,79.83,79.84,79.81,79.855
2022-03-24 15:54:00,79.79,79.83,79.79,79.86
2022-03-24 15:55:00,79.79,79.8,79.79,79.805
2022-03-24 15:56:00,79.72,79.78,79.71,79.8
2022-03-24 15:57:00,79.78,79.72,79.72,79.78
2022-03-24 15:58:00,79.66,79.79,79.65,79.79
2022-03-24 15:59:00,79.665,79.68,79.63,79.69
2022-03-24 16:00:00,79.75,79.67,79.66,79.8
2022-03-25 09:31:00,78.84,78.94,78.77,78.94
2022-03-25 09:32:00,79.0,79.0,79.0,79.0
2022-03-25 09:33:00,79.0,79.0,79.0,79.0
2022-03-25 09:34:00,79.08,78.99,78.99,79.08
2022-03-25 09:35:00,79.02,79.0,79.0,79.03
2022-03-25 09:36:00,79.05,79.01,78.92,79.08
2022-03-25 09:37:00,78.97,78.95,78.92,78.97
2022-03-25 09:38:00,78.88,78.88,78.88,78.88
2022-03-25 09:39:00,78.89,78.89,78.89,78.89
2022-03-25 09:40:00,78.95,78.87,78.87,78.95
2022-03-25 09:41:00,79.2,78.95,78.95,79.2
2022-03-25 09:42:00,79.3,79.16,79.16,79.34
2022-03-25 09:43:00,79.22,79.24,79.22,79.24
2022-03-25 09:44:00,79.25,79.22,79.21,79.25
2022-03-25 09:45:00,79.26,79.26,79.26,79.26
2022-03-25 09:46:00,79.2,79.27,79.2,79.33
2022-03-25 09:47:00,79.19,79.24,79.19,79.24
2022-03-25 09:48:00,79.15,79.17,79.1,79.17
2022-03-25 09:49:00,79.1,79.15,79.1,79.18
2022-03-25 09:50:00,79.06,78.99,78.95,79.06
2022-03-25 09:51:00,78.99,79.05,78.99,79.05
2022-03-25 09:52:00,79.06,79.0,79.0,79.12
2022-03-25 09:53:00,79.17,79.17,79.17,79.17
2022-03-25 09:54:00,79.17,79.17,79.17,79.17
2022-03-25 09:55:00,79.14,79.15,79.14,79.15
2022-03-25 09:56:00,79.01,79.06,79.01,79.06
2022-03-25 09:57:00,78.92,79.04,78.92,79.04
2022-03-25 09:58:00,78.85,78.88,78.85,78.88
2022-03-25 09:59:00,78.81,78.83,78.75,78.83
2022-03-25 10:00:00,78.85,78.87,78.85,78.87
2022-03-25 10:01:00,78.79,78.81,78.79,78.81
2022-03-25 10:02:00,78.82,78.88,78.82,78.88
2022-03-25 10:03:00,78.95,78.86,78.86,78.96
2022-03-25 10:04:00,78.95,78.86,78.86,78.96
2022-03-25 10:05:00,78.96,78.93,78.91,78.96
2022-03-25 10:06:00,79.03,78.98,78.98,79.03
2022-03-25 10:07:00,78.98,78.96,78.96,78.99
2022-03-25 10:08:00,79.0,79.0,79.0,79.0
2022-03-25 10:09:00,78.77,78.92,78.76,78.99
2022-03-25 10:10:00,78.79,78.66,78.66,78.79
2022-03-25 10:11:00,78.8,78.8,78.8,78.8
2022-03-25 10:12:00,78.82,78.84,78.82,78.84
2022-03-25 10:13:00,79.0,78.93,78.93,79.0
2022-03-25 10:14:00,79.05,79.05,79.05,79.05
2022-03-25 10:15:00,79.05,79.05,79.05,79.05
2022-03-25 10:16:00,78.93,78.93,78.93,78.93
2022-03-25 10:17:00,79.04,79.04,79.04,79.04
2022-03-25 10:18:00,79.03,79.03,79.03,79.03
2022-03-25 10:19:00,79.06,79.06,79.06,79.06
2022-03-25 10:20:00,79.11,79.11,79.11,79.11
2022-03-25 10:21:00,78.97,78.97,78.97,78.97
2022-03-25 10:22:00,79.05,79.0,79.0,79.05
2022-03-25 10:23:00,78.99,79.02,78.99,79.02
2022-03-25 10:24:00,78.94,78.93,78.93,78.94
2022-03-25 10:25:00,78.94,78.93,78.93,78.94
2022-03-25 10:26:00,78.92,78.92,78.92,78.92
2022-03-25 10:27:00,78.92,78.92,78.92,78.92
2022-03-25 10:28:00,78.9,78.89,78.89,78.9
2022-03-25 10:29:00,78.75,78.81,78.75,78.81
2022-03-25 10:30:00,78.83,78.8,78.8,78.83
2022-03-25 10:31:00,78.68,78.7,78.68,78.7
2022-03-25 10:32:00,78.6,78.69,78.6,78.69
2022-03-25 10:33:00,78.65,78.7,78.65,78.7
2022-03-25 10:34:00,78.62,78.67,78.62,78.67
2022-03-25 10:35:00,78.62,78.67,78.62,78.67
2022-03-25 10:36:00,78.41,78.51,78.41,78.51
2022-03-25 10:37:00,78.5,78.5,78.5,78.52
2022-03-25 10:38:00,78.75,78.54,78.54,78.75
2022-03-25 10:39:00,78.86,78.86,78.86,78.86
2022-03-25 10:40:00,79.1,78.94,78.94,79.1
2022-03-25 10:41:00,79.1,79.1,79.1,79.1
2022-03-25 10:42:00,79.14,79.1,79.09,79.15
2022-03-25 10:43:00,79.08,79.12,79.08,79.12
2022-03-25 10:44:00,79.29,79.14,79.14,79.29
2022-03-25 10:45:00,79.32,79.34,79.32,79.36
2022-03-25 10:46:00,79.46,79.42,79.41,79.46
2022-03-25 10:47:00,79.62,79.47,79.47,79.63
2022-03-25 10:48:00,79.44,79.44,79.4,79.44
2022-03-25 10:49:00,79.41,79.39,79.39,79.41
2022-03-25 10:50:00,79.34,79.36,79.34,79.36
2022-03-25 10:51:00,79.16,79.31,79.16,79.31
2022-03-25 10:52:00,79.27,79.27,79.27,79.27
2022-03-25 10:53:00,79.27,79.27,79.27,79.27
2022-03-25 10:54:00,79.38,79.38,79.38,79.38
2022-03-25 10:55:00,79.5,79.39,79.38,79.51
2022-03-25 10:56:00,79.45,79.47,79.41,79.47
2022-03-25 10:57:00,79.47,79.49,79.47,79.53
2022-03-25 10:58:00,79.39,79.39,79.39,79.39
2022-03-25 10:59:00,79.43,79.38,79.37,79.485
2022-03-25 11:00:00,79.56,79.6,79.55,79.62
2022-03-25 11:01:00,79.58,79.63,79.58,79.63
2022-03-25 11:02:00,80.03,79.77,79.74,80.03
2022-03-25 11:03:00,79.98,80.03,79.96,80.08
2022-03-25 11:04:00,80.08,79.98,79.91,80.08
2022-03-25 11:05:00,80.09,80.06,80.06,80.25
2022-03-25 11:06:00,80.37,80.09,80.06,80.37
2022-03-25 11:07:00,80.26,80.33,80.25,80.34
2022-03-25 11:08:00,80.1,80.18,80.1,80.19
2022-03-25 11:09:00,80.26,80.11,80.1,80.29
2022-03-25 11:10:00,80.37,80.27,80.27,80.46
2022-03-25 11:11:00,80.3,80.38,80.24,80.39
2022-03-25 11:12:00,80.425,80.32,80.3,80.425
2022-03-25 11:13:00,80.17,80.53,79.98,80.54
2022-03-25 11:14:00,80.12,80.16,80.12,80.3
2022-03-25 11:15:00,80.13,80.13,80.1,80.17
2022-03-25 11:16:00,80.06,80.1,80.04,80.2
2022-03-25 11:17:00,80.18,80.1,80.1,80.18
2022-03-25 11:18:00,80.05,80.21,80.01,80.21
2022-03-25 11:19:00,80.13,80.06,80.06,80.13
2022-03-25 11:20:00,80.25,80.17,80.15,80.32
2022-03-25 11:21:00,80.17,80.23,80.11,80.25
2022-03-25 11:22:00,80.41,80.18,80.17,80.49
2022-03-25 11:23:00,80.59,80.43,80.43,80.63
2022-03-25 11:24:00,80.54,80.68,80.54,80.76
2022-03-25 11:25:00,80.42,80.54,80.42,80.54
2022-03-25 11:26:00,80.4,80.53,80.38,80.53
2022-03-25 11:27:00,80.67,80.47,80.47,80.7
2022-03-25 11:28:00,81.02,80.7,80.7,81.04
2022-03-25 11:29:00,81.18,81.01,81.01,81.21
2022-03-25 11:30:00,81.0,81.15,80.94,81.22
2022-03-25 11:31:00,81.19,80.98,80.95,81.205
2022-03-25 11:32:00,81.41,81.25,81.25,81.5
2022-03-25 11:33:00,81.43,81.45,81.42,81.49
2022-03-25 11:34:00,81.3,81.29,81.24,81.3
2022-03-25 11:35:00,81.11,81.31,81.1,81.34
2022-03-25 11:36:00,81.15,81.16,81.06,81.16
2022-03-25 11:37:00,81.21,81.24,81.21,81.27
2022-03-25 11:38:00,81.29,81.29,81.29,81.29
2022-03-25 11:39:00,81.25,81.32,81.25,81.35
2022-03-25 11:40:00,81.34,81.25,81.21,81.34
2022-03-25 11:41:00,81.25,81.48,81.19,81.57
2022-03-25 11:42:00,81.3,81.3,81.28,81.3
2022-03-25 11:43:00,81.3,81.24,81.24,81.35
2022-03-25 11:44:00,81.27,81.26,81.26,81.3
2022-03-25 11:45:00,81.27,81.28,81.27,81.33
2022-03-25 11:46:00,81.43,81.35,81.35,81.54
2022-03-25 11:47:00,81.43,81.35,81.35,81.54
2022-03-25 11:48:00,81.45,81.37,81.37,81.455
2022-03-25 11:49:00,81.46,81.45,81.4,81.46
2022-03-25 11:50:00,81.48,81.59,81.48,81.59
2022-03-25 11:51:00,81.23,81.5,81.17,81.5
2022-03-25 11:52:00,81.11,81.22,81.11,81.26
2022-03-25 11:53:00,81.14,81.23,81.13,81.23
2022-03-25 11:54:00,81.22,81.19,81.15,81.22
2022-03-25 11:55:00,81.18,81.23,81.15,81.24
2022-03-25 11:56:00,81.18,81.26,81.18,81.26
2022-03-25 11:57:00,81.15,81.15,81.13,81.16
2022-03-25 11:58:00,81.1,81.17,81.08,81.17
2022-03-25 11:59:00,81.09,81.19,81.09,81.19
2022-03-25 12:00:00,81.04,81.15,81.04,81.15
2022-03-25 12:01:00,80.93,80.96,80.92,80.98
2022-03-25 12:02:00,81.06,81.02,81.01,81.06
2022-03-25 12:03:00,81.21,81.16,81.16,81.21
2022-03-25 12:04:00,81.18,81.21,81.17,81.21
2022-03-25 12:05:00,81.08,81.13,81.08,81.13
2022-03-25 12:06:00,80.97,81.02,80.95,81.02
2022-03-25 12:07:00,81.02,80.985,80.985,81.05
2022-03-25 12:08:00,80.98,80.98,80.98,80.98
2022-03-25 12:09:00,81.06,81.0,81.0,81.09
2022-03-25 12:10:00,81.12,81.05,81.05,81.12
2022-03-25 12:11:00,81.04,81.09,81.04,81.09
2022-03-25 12:12:00,81.055,81.05,81.04,81.06
2022-03-25 12:13:00,81.15,81.13,81.13,81.15
2022-03-25 12:14:00,81.33,81.14,81.14,81.33
2022-03-25 12:15:00,81.23,81.3,81.23,81.3
2022-03-25 12:16:00,81.27,81.27,81.27,81.27
2022-03-25 12:17:00,81.31,81.33,81.31,81.4
2022-03-25 12:18:00,81.32,81.35,81.31,81.35
2022-03-25 12:19:00,81.39,81.3,81.26,81.39
2022-03-25 12:20:00,81.28,81.32,81.28,81.33
2022-03-25 12:21:00,81.28,81.32,81.28,81.33
2022-03-25 12:22:00,81.36,81.26,81.26,81.38
2022-03-25 12:23:00,81.26,81.25,81.25,81.26
2022-03-25 12:24:00,81.16,81.22,81.16,81.22
2022-03-25 12:25:00,81.15,81.16,81.15,81.16
2022-03-25 12:26:00,81.29,81.15,81.15,81.29
2022-03-25 12:27:00,81.21,81.17,81.13,81.23
2022-03-25 12:28:00,81.2,81.2,81.2,81.2
2022-03-25 12:29:00,81.05,81.06,81.01,81.06
2022-03-25 12:30:00,81.22,81.16,81.15,81.27
2022-03-25 12:31:00,81.21,81.18,81.18,81.22
2022-03-25 12:32:00,81.29,81.29,81.29,81.29
2022-03-25 12:33:00,81.51,81.33,81.33,81.51
2022-03-25 12:34:00,81.44,81.52,81.425,81.52
2022-03-25 12:35:00,81.3,81.38,81.29,81.38
2022-03-25 12:36:00,81.36,81.3,81.3,81.37
2022-03-25 12:37:00,81.23,81.41,81.23,81.41
2022-03-25 12:38:00,81.15,81.15,81.15,81.15
2022-03-25 12:39:00,81.07,81.07,81.07,81.07
2022-03-25 12:40:00,81.13,81.13,81.13,81.13
2022-03-25 12:41:00,81.08,81.06,81.06,81.08
2022-03-25 12:42:00,81.03,81.02,80.98,81.03
2022-03-25 12:43:00,81.19,81.1,81.1,81.19
2022-03-25 12:44:00,81.21,81.22,81.21,81.28
2022-03-25 12:45:00,81.18,81.17,81.16,81.18
2022-03-25 12:46:00,81.18,81.17,81.16,81.18
2022-03-25 12:47:00,81.18,81.17,81.16,81.18
2022-03-25 12:48:00,81.18,81.17,81.16,81.18
2022-03-25 12:49:00,81.18,81.17,81.16,81.18
2022-03-25 12:50:00,81.105,81.1,81.09,81.105
2022-03-25 12:51:00,81.1,81.105,81.1,81.105
2022-03-25 12:52:00,81.2,81.16,81.16,81.2
2022-03-25 12:53:00,81.23,81.215,81.18,81.23
2022-03-25 12:54:00,81.23,81.215,81.18,81.23
2022-03-25 12:55:00,81.17,81.17,81.17,81.17
2022-03-25 12:56:00,81.16,81.16,81.16,81.16
2022-03-25 12:57:00,81.06,81.15,81.06,81.15
2022-03-25 12:58:00,81.1,81.09,81.05,81.1
2022-03-25 12:59:00,81.05,81.03,81.03,81.05
2022-03-25 13:00:00,81.05,81.03,81.03,81.05
2022-03-25 13:01:00,81.17,81.15,81.15,81.18
2022-03-25 13:02:00,81.18,81.18,81.18,81.18
2022-03-25 13:03:00,81.23,81.21,81.21,81.29
2022-03-25 13:04:00,81.22,81.22,81.16,81.22
2022-03-25 13:05:00,81.3,81.28,81.28,81.3
2022-03-25 13:06:00,81.24,81.28,81.24,81.28
2022-03-25 13:07:00,81.24,81.265,81.21,81.265
2022-03-25 13:08:00,81.25,81.25,81.25,81.25
2022-03-25 13:09:00,81.18,81.25,81.17,81.26
2022-03-25 13:10:00,81.23,81.16,81.16,81.23
2022-03-25 13:11:00,81.28,81.24,81.24,81.28
2022-03-25 13:12:00,81.22,81.26,81.22,81.26
2022-03-25 13:13:00,81.28,81.25,81.25,81.3
2022-03-25 13:14:00,81.29,81.27,81.27,81.29
2022-03-25 13:15:00,81.26,81.24,81.24,81.26
2022-03-25 13:16:00,81.18,81.24,81.17,81.24
2022-03-25 13:17:00,81.18,81.18,81.16,81.2
2022-03-25 13:18:00,81.18,81.18,81.16,81.2
2022-03-25 13:19:00,81.09,81.09,81.09,81.09
2022-03-25 13:20:00,81.03,81.07,81.03,81.07
2022-03-25 13:21:00,80.99,80.98,80.98,80.99
2022-03-25 13:22:00,81.03,81.03,81.03,81.03
2022-03-25 13:23:00,80.94,80.97,80.88,80.98
2022-03-25 13:24:00,80.75,80.91,80.725,80.91
2022-03-25 13:25:00,80.82,80.75,80.75,80.82
2022-03-25 13:26:00,80.49,80.82,80.45,80.82
2022-03-25 13:27:00,80.5,80.49,80.45,80.51
2022-03-25 13:28:00,80.52,80.56,80.5,80.56
2022-03-25 13:29:00,80.62,80.53,80.53,80.62
2022-03-25 13:30:00,80.69,80.73,80.69,80.73
2022-03-25 13:31:00,80.64,80.64,80.57,80.65
2022-03-25 13:32:00,80.75,80.75,80.73,80.75
2022-03-25 13:33:00,80.73,80.78,80.73,80.78
2022-03-25 13:34:00,80.71,80.73,80.7,80.73
2022-03-25 13:35:00,80.55,80.67,80.55,80.67
2022-03-25 13:36:00,80.6,80.6,80.6,80.6
2022-03-25 13:37:00,80.52,80.51,80.51,80.56
2022-03-25 13:38:00,80.54,80.49,80.49,80.59
2022-03-25 13:39:00,80.55,80.55,80.55,80.55
2022-03-25 13:40:00,80.63,80.64,80.63,80.66
2022-03-25 13:41:00,80.7,80.66,80.66,80.7
2022-03-25 13:42:00,80.6,80.64,80.59,80.64
2022-03-25 13:43:00,80.62,80.62,80.62,80.62
2022-03-25 13:44:00,80.66,80.65,80.65,80.69
2022-03-25 13:45:00,80.71,80.71,80.71,80.71
2022-03-25 13:46:00,80.63,80.7,80.63,80.7
2022-03-25 13:47:00,80.65,80.65,80.65,80.65
2022-03-25 13:48:00,80.65,80.65,80.65,80.65
2022-03-25 13:49:00,80.65,80.65,80.65,80.65
2022-03-25 13:50:00,80.7,80.71,80.7,80.72
2022-03-25 13:51:00,80.58,80.67,80.58,80.67
2022-03-25 13:52:00,80.63,80.63,80.63,80.64
2022-03-25 13:53:00,80.64,80.64,80.64,80.64
2022-03-25 13:54:00,80.64,80.64,80.64,80.64
2022-03-25 13:55:00,80.74,80.77,80.74,80.77
2022-03-25 13:56:00,80.74,80.74,80.74,80.74
2022-03-25 13:57:00,80.73,80.74,80.73,80.74
2022-03-25 13:58:00,80.67,80.73,80.67,80.73
2022-03-25 13:59:00,80.72,80.61,80.61,80.72
2022-03-25 14:00:00,80.74,80.73,80.73,80.76
2022-03-25 14:01:00,80.74,80.72,80.72,80.74
2022-03-25 14:02:00,80.57,80.7,80.53,80.7
2022-03-25 14:03:00,80.57,80.7,80.53,80.7
2022-03-25 14:04:00,80.65,80.65,80.65,80.65
2022-03-25 14:05:00,80.65,80.65,80.65,80.65
2022-03-25 14:06:00,80.74,80.74,80.74,80.74
2022-03-25 14:07:00,80.74,80.74,80.74,80.74
2022-03-25 14:08:00,80.69,80.76,80.69,80.76
2022-03-25 14:09:00,80.88,80.65,80.65,80.9
2022-03-25 14:10:00,80.92,80.9,80.86,80.92
2022-03-25 14:11:00,80.85,80.79,80.77,80.85
2022-03-25 14:12:00,80.85,80.79,80.77,80.85
2022-03-25 14:13:00,80.75,80.78,80.72,80.78
2022-03-25 14:14:00,80.82,80.8,80.67,80.82
2022-03-25 14:15:00,80.82,80.8,80.67,80.82
2022-03-25 14:16:00,80.87,80.82,80.82,80.87
2022-03-25 14:17:00,80.87,80.82,80.82,80.87
2022-03-25 14:18:00,80.93,80.91,80.91,80.93
2022-03-25 14:19:00,80.91,80.94,80.88,80.94
2022-03-25 14:20:00,81.0,80.94,80.94,81.0
2022-03-25 14:21:00,81.0,80.94,80.94,81.0
2022-03-25 14:22:00,81.08,81.07,81.07,81.08
2022-03-25 14:23:00,81.08,81.07,81.07,81.08
2022-03-25 14:24:00,80.99,81.02,80.99,81.02
2022-03-25 14:25:00,80.99,81.02,80.99,81.02
2022-03-25 14:26:00,81.02,80.97,80.81,81.02
2022-03-25 14:27:00,80.98,80.97,80.95,81.13
2022-03-25 14:28:00,81.29,81.21,81.21,81.29
2022-03-25 14:29:00,81.69,81.3,81.3,81.695
2022-03-25 14:30:00,81.72,81.7,81.61,81.72
2022-03-25 14:31:00,81.56,81.591,81.56,81.591
2022-03-25 14:32:00,81.57,81.51,81.461,81.57
2022-03-25 14:33:00,81.67,81.6,81.591,81.68
2022-03-25 14:34:00,81.59,81.62,81.59,81.62
2022-03-25 14:35:00,81.53,81.53,81.53,81.53
2022-03-25 14:36:00,81.52,81.53,81.47,81.53
2022-03-25 14:37:00,81.5,81.48,81.48,81.5
2022-03-25 14:38:00,81.41,81.43,81.41,81.43
2022-03-25 14:39:00,81.41,81.43,81.41,81.43
2022-03-25 14:40:00,81.27,81.35,81.26,81.35
2022-03-25 14:41:00,81.28,81.27,81.27,81.29
2022-03-25 14:42:00,81.28,81.28,81.2,81.28
2022-03-25 14:43:00,81.32,81.33,81.32,81.34
2022-03-25 14:44:00,81.38,81.38,81.38,81.38
2022-03-25 14:45:00,81.37,81.4,81.37,81.41
2022-03-25 14:46:00,81.37,81.4,81.37,81.41
2022-03-25 14:47:00,81.31,81.31,81.31,81.31
2022-03-25 14:48:00,81.3,81.3,81.3,81.3
2022-03-25 14:49:00,81.33,81.34,81.33,81.34
2022-03-25 14:50:00,81.35,81.31,81.3,81.38
2022-03-25 14:51:00,81.33,81.34,81.33,81.36
2022-03-25 14:52:00,81.37,81.3,81.3,81.37
2022-03-25 14:53:00,81.32,81.36,81.32,81.37
2022-03-25 14:54:00,81.22,81.27,81.22,81.27
2022-03-25 14:55:00,81.3,81.25,81.25,81.3
2022-03-25 14:56:00,81.23,81.27,81.22,81.27
2022-03-25 14:57:00,81.21,81.22,81.19,81.22
2022-03-25 14:58:00,81.19,81.18,81.18,81.19
2022-03-25 14:59:00,81.2,81.2,81.2,81.2
2022-03-25 15:00:00,81.06,81.05,81.05,81.06
2022-03-25 15:01:00,81.14,81.08,81.08,81.15
2022-03-25 15:02:00,81.14,81.08,81.08,81.15
2022-03-25 15:03:00,81.05,81.15,81.05,81.15
2022-03-25 15:04:00,81.1,81.11,81.1,81.11
2022-03-25 15:05:00,81.18,81.1,81.1,81.18
2022-03-25 15:06:00,81.17,81.15,81.15,81.17
2022-03-25 15:07:00,81.08,81.1,81.08,81.1
2022-03-25 15:08:00,81.15,81.15,81.14,81.15
2022-03-25 15:09:00,81.14,81.17,81.14,81.18
2022-03-25 15:10:00,81.14,81.17,81.14,81.18
2022-03-25 15:11:00,81.22,81.28,81.22,81.29
2022-03-25 15:12:00,81.17,81.23,81.17,81.23
2022-03-25 15:13:00,81.15,81.15,81.15,81.15
2022-03-25 15:14:00,81.15,81.15,81.15,81.15
2022-03-25 15:15:00,81.14,81.12,81.12,81.14
2022-03-25 15:16:00,81.1,81.09,81.09,81.1
2022-03-25 15:17:00,81.08,81.09,81.08,81.09
2022-03-25 15:18:00,81.11,81.11,81.11,81.11
2022-03-25 15:19:00,81.05,81.1,81.05,81.11
2022-03-25 15:20:00,81.06,81.06,81.06,81.06
2022-03-25 15:21:00,81.0,81.07,80.97,81.07
2022-03-25 15:22:00,80.98,80.99,80.98,80.99
2022-03-25 15:23:00,81.02,81.0,81.0,81.02
2022-03-25 15:24:00,80.94,81.01,80.93,81.03
2022-03-25 15:25:00,80.93,80.94,80.93,80.96
2022-03-25 15:26:00,80.96,80.96,80.96,80.96
2022-03-25 15:27:00,81.05,80.98,80.98,81.09
2022-03-25 15:28:00,81.05,80.98,80.98,81.09
2022-03-25 15:29:00,81.06,81.05,81.05,81.06
2022-03-25 15:30:00,81.01,81.07,81.01,81.07
2022-03-25 15:31:00,80.985,81.02,80.985,81.02
2022-03-25 15:32:00,80.98,81.0,80.97,81.0
2022-03-25 15:33:00,81.0,81.0,80.99,81.01
2022-03-25 15:34:00,81.0,81.01,81.0,81.01
2022-03-25 15:35:00,81.0,81.01,81.0,81.01
2022-03-25 15:36:00,81.04,81.04,81.04,81.04
2022-03-25 15:37:00,81.04,81.02,81.02,81.04
2022-03-25 15:38:00,80.95,81.04,80.93,81.04
2022-03-25 15:39:00,80.93,80.93,80.93,80.93
2022-03-25 15:40:00,80.9,80.93,80.9,80.93
2022-03-25 15:41:00,80.88,80.95,80.88,80.97
2022-03-25 15:42:00,80.91,80.85,80.84,80.91
2022-03-25 15:43:00,80.88,80.89,80.88,80.93
2022-03-25 15:44:00,80.88,80.88,80.84,80.88
2022-03-25 15:45:00,80.79,80.86,80.79,80.86
2022-03-25 15:46:00,80.7,80.8,80.7,80.8
2022-03-25 15:47:00,80.8,80.69,80.67,80.81
2022-03-25 15:48:00,80.81,80.81,80.79,80.82
2022-03-25 15:49:00,80.79,80.81,80.79,80.82
2022-03-25 15:50:00,80.87,80.78,80.78,80.87
2022-03-25 15:51:00,80.88,80.84,80.84,80.89
2022-03-25 15:52:00,80.9,80.83,80.83,80.9
2022-03-25 15:53:00,80.93,80.9,80.9,80.94
2022-03-25 15:54:00,80.85,80.9,80.82,80.9
2022-03-25 15:55:00,80.92,80.86,80.83,80.92
2022-03-25 15:56:00,80.88,80.92,80.88,80.92
2022-03-25 15:57:00,80.86,80.89,80.86,80.89
2022-03-25 15:58:00,80.82,80.85,80.79,80.86
2022-03-25 15:59:00,80.7,80.77,80.695,80.78
2022-03-25 16:00:00,80.74,80.69,80.69,80.77
2022-03-28 09:31:00,76.81,76.85,76.72,76.89
2022-03-28 09:32:00,76.56,76.75,76.44,76.75
2022-03-28 09:33:00,76.52,76.53,76.5,76.55
2022-03-28 09:34:00,76.65,76.49,76.39,76.65
2022-03-28 09:35:00,76.46,76.58,76.37,76.58
2022-03-28 09:36:00,76.72,76.46,76.46,76.72
2022-03-28 09:37:00,76.71,76.73,76.7,76.73
2022-03-28 09:38:00,76.56,76.65,76.49,76.68
2022-03-28 09:39:00,76.54,76.529,76.48,76.57
2022-03-28 09:40:00,76.398,76.42,76.38,76.42
2022-03-28 09:41:00,76.41,76.38,76.28,76.41
2022-03-28 09:42:00,76.48,76.45,76.439,76.54
2022-03-28 09:43:00,76.36,76.4,76.31,76.42
2022-03-28 09:44:00,76.34,76.35,76.31,76.35
2022-03-28 09:45:00,76.46,76.425,76.425,76.52
2022-03-28 09:46:00,76.3,76.44,76.3,76.47
2022-03-28 09:47:00,76.27,76.29,76.24,76.3
2022-03-28 09:48:00,76.24,76.29,76.23,76.36
2022-03-28 09:49:00,76.24,76.31,76.24,76.36
2022-03-28 09:50:00,76.16,76.24,76.16,76.24
2022-03-28 09:51:00,76.09,76.2,76.02,76.2
2022-03-28 09:52:00,76.08,76.12,76.08,76.17
2022-03-28 09:53:00,76.03,76.0,75.93,76.03
2022-03-28 09:54:00,76.07,76.03,76.0,76.15
2022-03-28 09:55:00,75.88,76.03,75.85,76.03
2022-03-28 09:56:00,75.87,75.86,75.86,75.87
2022-03-28 09:57:00,75.84,75.85,75.8,75.86
2022-03-28 09:58:00,75.94,75.845,75.84,75.98
2022-03-28 09:59:00,76.01,75.93,75.92,76.07
2022-03-28 10:00:00,75.94,75.95,75.87,75.95
2022-03-28 10:01:00,75.85,75.92,75.76,75.92
2022-03-28 10:02:00,75.82,75.8,75.78,75.82
2022-03-28 10:03:00,75.79,75.77,75.76,75.83
2022-03-28 10:04:00,75.9,75.75,75.75,75.9
2022-03-28 10:05:00,75.9,75.75,75.75,75.9
2022-03-28 10:06:00,75.89,75.89,75.89,75.89
2022-03-28 10:07:00,76.27,76.03,76.03,76.27
2022-03-28 10:08:00,76.16,76.21,76.16,76.21
2022-03-28 10:09:00,76.01,76.09,76.01,76.09
2022-03-28 10:10:00,76.03,76.03,76.03,76.03
2022-03-28 10:11:00,76.37,76.35,76.31,76.46
2022-03-28 10:12:00,76.26,76.35,76.26,76.36
2022-03-28 10:13:00,76.26,76.3,76.25,76.31
2022-03-28 10:14:00,76.27,76.28,76.26,76.31
2022-03-28 10:15:00,76.29,76.35,76.29,76.35
2022-03-28 10:16:00,76.53,76.41,76.41,76.57
2022-03-28 10:17:00,76.62,76.55,76.55,76.62
2022-03-28 10:18:00,76.6,76.6,76.6,76.645
2022-03-28 10:19:00,76.51,76.53,76.51,76.58
2022-03-28 10:20:00,76.5,76.5,76.5,76.5
2022-03-28 10:21:00,76.66,76.47,76.47,76.66
2022-03-28 10:22:00,76.64,76.67,76.64,76.67
2022-03-28 10:23:00,76.53,76.61,76.53,76.61
2022-03-28 10:24:00,76.65,76.58,76.58,76.65
2022-03-28 10:25:00,76.8,76.65,76.65,76.8
2022-03-28 10:26:00,76.61,76.61,76.61,76.62
2022-03-28 10:27:00,76.66,76.66,76.66,76.66
2022-03-28 10:28:00,76.66,76.66,76.66,76.66
2022-03-28 10:29:00,76.64,76.69,76.64,76.69
2022-03-28 10:30:00,76.44,76.57,76.35,76.57
2022-03-28 10:31:00,76.45,76.5,76.45,76.5
2022-03-28 10:32:00,76.35,76.49,76.34,76.49
2022-03-28 10:33:00,76.37,76.37,76.37,76.37
2022-03-28 10:34:00,76.35,76.3,76.28,76.38
2022-03-28 10:35:00,76.36,76.36,76.36,76.37
2022-03-28 10:36:00,76.29,76.37,76.29,76.38
2022-03-28 10:37:00,76.21,76.24,76.21,76.24
2022-03-28 10:38:00,76.2,76.2,76.19,76.2
2022-03-28 10:39:00,76.3,76.3,76.3,76.3
2022-03-28 10:40:00,76.4,76.4,76.4,76.4
2022-03-28 10:41:00,76.45,76.39,76.39,76.6
2022-03-28 10:42:00,76.23,76.4,76.23,76.4
2022-03-28 10:43:00,76.08,76.18,76.08,76.18
2022-03-28 10:44:00,75.86,76.03,75.86,76.03
2022-03-28 10:45:00,75.92,75.86,75.84,75.92
2022-03-28 10:46:00,75.85,75.84,75.82,75.87
2022-03-28 10:47:00,75.9,75.85,75.8,75.9
2022-03-28 10:48:00,75.95,75.94,75.94,75.95
2022-03-28 10:49:00,75.8,75.85,75.8,75.85
2022-03-28 10:50:00,75.83,75.83,75.8,75.85
2022-03-28 10:51:00,75.67,75.8,75.57,75.8
2022-03-28 10:52:00,75.67,75.67,75.67,75.67
2022-03-28 10:53:00,75.58,75.73,75.58,75.75
2022-03-28 10:54:00,75.68,75.57,75.57,75.68
2022-03-28 10:55:00,75.62,75.75,75.6,75.75
2022-03-28 10:56:00,75.69,75.59,75.59,75.69
2022-03-28 10:57:00,75.69,75.59,75.59,75.69
2022-03-28 10:58:00,75.74,75.76,75.7,75.76
2022-03-28 10:59:00,75.75,75.74,75.74,75.77
2022-03-28 11:00:00,75.69,75.69,75.69,75.69
2022-03-28 11:01:00,75.67,75.6,75.6,75.67
2022-03-28 11:02:00,76.1,75.79,75.78,76.1
2022-03-28 11:03:00,75.96,75.99,75.96,76.19
2022-03-28 11:04:00,76.13,76.0,76.0,76.13
2022-03-28 11:05:00,76.12,76.14,76.11,76.14
2022-03-28 11:06:00,76.21,76.06,76.06,76.31
2022-03-28 11:07:00,76.11,76.02,76.02,76.15
2022-03-28 11:08:00,76.24,76.23,76.23,76.24
2022-03-28 11:09:00,76.24,76.23,76.23,76.24
2022-03-28 11:10:00,76.22,76.33,76.22,76.33
2022-03-28 11:11:00,76.26,76.29,76.26,76.29
2022-03-28 11:12:00,76.11,76.2,76.1,76.2
2022-03-28 11:13:00,75.99,75.99,75.99,75.99
2022-03-28 11:14:00,76.14,76.04,76.04,76.14
2022-03-28 11:15:00,76.38,76.38,76.38,76.38
2022-03-28 11:16:00,76.35,76.34,76.29,76.35
2022-03-28 11:17:00,76.35,76.35,76.35,76.35
2022-03-28 11:18:00,76.4,76.28,76.27,76.4
2022-03-28 11:19:00,76.47,76.43,76.43,76.49
2022-03-28 11:20:00,76.45,76.47,76.45,76.5
2022-03-28 11:21:00,76.45,76.4,76.4,76.45
2022-03-28 11:22:00,76.58,76.565,76.565,76.58
2022-03-28 11:23:00,76.65,76.66,76.65,76.66
2022-03-28 11:24:00,76.53,76.53,76.53,76.53
2022-03-28 11:25:00,76.58,76.58,76.58,76.58
2022-03-28 11:26:00,76.6,76.635,76.6,76.64
2022-03-28 11:27:00,76.63,76.6,76.6,76.64
2022-03-28 11:28:00,76.58,76.61,76.58,76.61
2022-03-28 11:29:00,76.58,76.61,76.58,76.61
2022-03-28 11:30:00,76.92,76.8,76.8,76.93
2022-03-28 11:31:00,76.77,76.83,76.77,76.83
2022-03-28 11:32:00,76.84,76.84,76.84,76.84
2022-03-28 11:33:00,76.84,76.76,76.75,76.84
2022-03-28 11:34:00,76.84,76.76,76.75,76.84
2022-03-28 11:35:00,76.58,76.68,76.58,76.68
2022-03-28 11:36:00,76.67,76.575,76.575,76.67
2022-03-28 11:37:00,76.7,76.7,76.7,76.7
2022-03-28 11:38:00,76.82,76.82,76.82,76.82
2022-03-28 11:39:00,76.82,76.82,76.82,76.82
2022-03-28 11:40:00,76.9,76.9,76.9,76.9
2022-03-28 11:41:00,76.79,76.85,76.79,76.88
2022-03-28 11:42:00,76.84,76.84,76.84,76.84
2022-03-28 11:43:00,76.8,76.81,76.79,76.82
2022-03-28 11:44:00,76.8,76.81,76.79,76.82
2022-03-28 11:45:00,76.91,76.94,76.91,76.94
2022-03-28 11:46:00,76.99,76.9,76.9,77.02
2022-03-28 11:47:00,77.0,77.0,76.98,77.0
2022-03-28 11:48:00,77.02,76.97,76.97,77.02
2022-03-28 11:49:00,77.15,77.05,77.05,77.15
2022-03-28 11:50:00,77.135,77.155,77.11,77.155
2022-03-28 11:51:00,77.22,77.18,77.18,77.3
2022-03-28 11:52:00,77.22,77.28,77.22,77.28
2022-03-28 11:53:00,77.21,77.19,77.19,77.25
2022-03-28 11:54:00,77.2,77.2,77.2,77.22
2022-03-28 11:55:00,77.23,77.21,77.21,77.27
2022-03-28 11:56:00,77.29,77.27,77.27,77.3
2022-03-28 11:57:00,77.26,77.29,77.23,77.29
2022-03-28 11:58:00,77.28,77.28,77.25,77.29
2022-03-28 11:59:00,77.32,77.28,77.28,77.34
2022-03-28 12:00:00,77.31,77.3,77.28,77.35
2022-03-28 12:01:00,77.41,77.4,77.4,77.41
2022-03-28 12:02:00,77.42,77.465,77.42,77.48
2022-03-28 12:03:00,77.46,77.46,77.46,77.46
2022-03-28 12:04:00,77.71,77.52,77.5,77.71
2022-03-28 12:05:00,77.71,77.73,77.71,77.8
2022-03-28 12:06:00,77.88,77.755,77.755,77.91
2022-03-28 12:07:00,77.65,77.8,77.64,77.8
2022-03-28 12:08:00,77.65,77.63,77.62,77.65
2022-03-28 12:09:00,77.62,77.65,77.595,77.65
2022-03-28 12:10:00,77.63,77.64,77.63,77.64
2022-03-28 12:11:00,77.64,77.63,77.62,77.64
2022-03-28 12:12:00,77.77,77.695,77.695,77.77
2022-03-28 12:13:00,77.77,77.695,77.695,77.77
2022-03-28 12:14:00,77.67,77.69,77.67,77.69
2022-03-28 12:15:00,77.66,77.64,77.63,77.66
2022-03-28 12:16:00,77.55,77.63,77.55,77.63
2022-03-28 12:17:00,77.54,77.54,77.54,77.54
2022-03-28 12:18:00,77.66,77.62,77.62,77.66
2022-03-28 12:19:00,77.52,77.65,77.52,77.68
2022-03-28 12:20:00,77.59,77.66,77.59,77.66
2022-03-28 12:21:00,77.58,77.62,77.58,77.66
2022-03-28 12:22:00,77.46,77.6,77.46,77.6
2022-03-28 12:23:00,77.5,77.52,77.5,77.52
2022-03-28 12:24:00,77.56,77.57,77.56,77.57
2022-03-28 12:25:00,77.58,77.6,77.55,77.6
2022-03-28 12:26:00,77.51,77.54,77.51,77.54
2022-03-28 12:27:00,77.64,77.52,77.5,77.67
2022-03-28 12:28:00,77.66,77.68,77.66,77.69
2022-03-28 12:29:00,77.62,77.66,77.61,77.66
2022-03-28 12:30:00,77.63,77.63,77.63,77.65
2022-03-28 12:31:00,77.65,77.66,77.65,77.69
2022-03-28 12:32:00,77.72,77.65,77.65,77.72
2022-03-28 12:33:00,77.72,77.65,77.65,77.72
2022-03-28 12:34:00,77.82,77.78,77.78,77.82
2022-03-28 12:35:00,77.86,77.86,77.86,77.87
2022-03-28 12:36:00,77.86,77.86,77.86,77.86
2022-03-28 12:37:00,77.83,77.82,77.82,77.83
2022-03-28 12:38:00,77.83,77.82,77.82,77.83
2022-03-28 12:39:00,77.64,77.64,77.64,77.64
2022-03-28 12:40:00,77.54,77.58,77.53,77.62
2022-03-28 12:41:00,77.48,77.55,77.48,77.58
2022-03-28 12:42:00,77.42,77.42,77.42,77.421
2022-03-28 12:43:00,77.46,77.44,77.44,77.46
2022-03-28 12:44:00,77.46,77.44,77.44,77.46
2022-03-28 12:45:00,77.33,77.42,77.33,77.42
2022-03-28 12:46:00,77.36,77.36,77.36,77.36
2022-03-28 12:47:00,77.35,77.35,77.35,77.35
2022-03-28 12:48:00,77.31,77.29,77.29,77.33
2022-03-28 12:49:00,77.25,77.28,77.24,77.28
2022-03-28 12:50:00,77.12,77.21,77.12,77.21
2022-03-28 12:51:00,77.14,77.15,77.12,77.15
2022-03-28 12:52:00,77.07,77.1,77.07,77.11
2022-03-28 12:53:00,77.03,77.06,77.0,77.06
2022-03-28 12:54:00,77.22,77.09,77.09,77.22
2022-03-28 12:55:00,77.21,77.27,77.21,77.27
2022-03-28 12:56:00,77.21,77.27,77.21,77.27
2022-03-28 12:57:00,77.15,77.18,77.15,77.18
2022-03-28 12:58:00,77.16,77.16,77.15,77.18
2022-03-28 12:59:00,77.31,77.29,77.29,77.31
2022-03-28 13:00:00,77.2,77.2,77.2,77.2
2022-03-28 13:01:00,77.13,77.13,77.13,77.13
2022-03-28 13:02:00,77.18,77.18,77.18,77.18
2022-03-28 13:03:00,77.19,77.21,77.19,77.21
2022-03-28 13:04:00,77.18,77.2,77.18,77.2
2022-03-28 13:05:00,77.18,77.2,77.18,77.2
2022-03-28 13:06:00,77.23,77.24,77.23,77.24
2022-03-28 13:07:00,77.23,77.24,77.23,77.24
2022-03-28 13:08:00,77.15,77.15,77.15,77.15
2022-03-28 13:09:00,77.15,77.15,77.15,77.15
2022-03-28 13:10:00,77.2,77.2,77.2,77.2
2022-03-28 13:11:00,77.2,77.2,77.2,77.2
2022-03-28 13:12:00,77.2,77.2,77.2,77.2
2022-03-28 13:13:00,77.05,77.06,77.05,77.07
2022-03-28 13:14:00,76.92,77.01,76.92,77.01
2022-03-28 13:15:00,76.95,76.95,76.95,76.95
2022-03-28 13:16:00,76.95,76.95,76.95,76.95
2022-03-28 13:17:00,76.78,76.78,76.78,76.78
2022-03-28 13:18:00,76.72,76.8,76.72,76.8
2022-03-28 13:19:00,76.701,76.701,76.701,76.701
2022-03-28 13:20:00,76.65,76.71,76.65,76.71
2022-03-28 13:21:00,76.71,76.65,76.65,76.72
2022-03-28 13:22:00,76.66,76.65,76.63,76.68
2022-03-28 13:23:00,76.71,76.66,76.66,76.73
2022-03-28 13:24:00,76.72,76.72,76.72,76.74
2022-03-28 13:25:00,76.7,76.73,76.7,76.78
2022-03-28 13:26:00,76.78,76.74,76.73,76.79
2022-03-28 13:27:00,76.77,76.78,76.76,76.78
2022-03-28 13:28:00,76.7,76.8,76.7,76.82
2022-03-28 13:29:00,76.73,76.7,76.7,76.73
2022-03-28 13:30:00,76.68,76.7,76.67,76.7
2022-03-28 13:31:00,76.68,76.7,76.67,76.7
2022-03-28 13:32:00,76.69,76.77,76.69,76.78
2022-03-28 13:33:00,76.6,76.69,76.58,76.69
2022-03-28 13:34:00,76.44,76.58,76.41,76.58
2022-03-28 13:35:00,76.53,76.46,76.4,76.53
2022-03-28 13:36:00,76.66,76.55,76.55,76.69
2022-03-28 13:37:00,76.73,76.65,76.65,76.73
2022-03-28 13:38:00,76.76,76.77,76.76,76.79
2022-03-28 13:39:00,76.88,76.81,76.81,76.88
2022-03-28 13:40:00,76.86,76.89,76.85,76.89
2022-03-28 13:41:00,76.89,76.84,76.84,76.9
2022-03-28 13:42:00,76.93,76.87,76.87,76.95
2022-03-28 13:43:00,76.91,76.96,76.91,76.97
2022-03-28 13:44:00,76.92,76.92,76.92,76.92
2022-03-28 13:45:00,77.03,76.99,76.99,77.03
2022-03-28 13:46:00,77.02,77.02,77.01,77.04
2022-03-28 13:47:00,77.04,77.04,77.04,77.04
2022-03-28 13:48:00,77.04,77.04,77.04,77.04
2022-03-28 13:49:00,76.97,77.02,76.97,77.03
2022-03-28 13:50:00,77.05,76.99,76.99,77.05
2022-03-28 13:51:00,77.05,76.99,76.99,77.05
2022-03-28 13:52:00,76.96,77.03,76.96,77.03
2022-03-28 13:53:00,76.91,76.95,76.91,76.95
2022-03-28 13:54:00,76.78,76.87,76.78,76.88
2022-03-28 13:55:00,76.74,76.72,76.72,76.74
2022-03-28 13:56:00,76.63,76.8,76.63,76.8
2022-03-28 13:57:00,76.62,76.66,76.59,76.66
2022-03-28 13:58:00,76.67,76.64,76.64,76.67
2022-03-28 13:59:00,76.59,76.65,76.59,76.67
2022-03-28 14:00:00,76.58,76.59,76.58,76.6
2022-03-28 14:01:00,76.49,76.5,76.48,76.5
2022-03-28 14:02:00,76.63,76.5,76.5,76.64
2022-03-28 14:03:00,76.51,76.58,76.51,76.58
2022-03-28 14:04:00,76.62,76.62,76.62,76.62
2022-03-28 14:05:00,76.61,76.68,76.59,76.68
2022-03-28 14:06:00,76.6,76.65,76.6,76.67
2022-03-28 14:07:00,76.4,76.4,76.4,76.4
2022-03-28 14:08:00,76.43,76.47,76.43,76.47
2022-03-28 14:09:00,76.44,76.43,76.43,76.44
2022-03-28 14:10:00,76.39,76.38,76.33,76.39
2022-03-28 14:11:00,76.45,76.45,76.45,76.45
2022-03-28 14:12:00,76.6,76.49,76.49,76.6
2022-03-28 14:13:00,76.6,76.49,76.49,76.6
2022-03-28 14:14:00,76.51,76.57,76.51,76.57
2022-03-28 14:15:00,76.5,76.57,76.5,76.57
2022-03-28 14:16:00,76.545,76.65,76.545,76.65
2022-03-28 14:17:00,76.46,76.46,76.46,76.46
2022-03-28 14:18:00,76.46,76.46,76.46,76.46
2022-03-28 14:19:00,76.17,76.27,76.17,76.27
2022-03-28 14:20:00,76.15,76.15,76.15,76.15
2022-03-28 14:21:00,76.02,75.99,75.98,76.06
2022-03-28 14:22:00,76.02,75.99,75.98,76.06
2022-03-28 14:23:00,76.16,76.16,76.16,76.16
2022-03-28 14:24:00,76.19,76.21,76.18,76.21
2022-03-28 14:25:00,76.22,76.22,76.22,76.22
2022-03-28 14:26:00,76.15,76.35,76.15,76.35
2022-03-28 14:27:00,76.16,76.25,76.16,76.25
2022-03-28 14:28:00,76.08,76.1,75.96,76.1
2022-03-28 14:29:00,76.28,76.1,76.1,76.28
2022-03-28 14:30:00,76.31,76.361,76.31,76.38
2022-03-28 14:31:00,76.48,76.27,76.27,76.48
2022-03-28 14:32:00,76.45,76.48,76.43,76.48
2022-03-28 14:33:00,76.37,76.39,76.37,76.39
2022-03-28 14:34:00,76.44,76.36,76.34,76.44
2022-03-28 14:35:00,76.43,76.42,76.42,76.43
2022-03-28 14:36:00,76.44,76.44,76.44,76.44
2022-03-28 14:37:00,76.43,76.43,76.43,76.43
2022-03-28 14:38:00,76.43,76.49,76.43,76.49
2022-03-28 14:39:00,76.43,76.49,76.43,76.49
2022-03-28 14:40:00,76.53,76.53,76.53,76.53
2022-03-28 14:41:00,76.55,76.55,76.55,76.55
2022-03-28 14:42:00,76.59,76.54,76.54,76.59
2022-03-28 14:43:00,76.59,76.59,76.59,76.59
2022-03-28 14:44:00,76.61,76.65,76.61,76.65
2022-03-28 14:45:00,76.53,76.57,76.52,76.57
2022-03-28 14:46:00,76.53,76.53,76.53,76.53
2022-03-28 14:47:00,76.46,76.5,76.46,76.5
2022-03-28 14:48:00,76.37,76.42,76.37,76.42
2022-03-28 14:49:00,76.41,76.37,76.37,76.41
2022-03-28 14:50:00,76.38,76.399,76.38,76.399
2022-03-28 14:51:00,76.39,76.38,76.38,76.39
2022-03-28 14:52:00,76.39,76.39,76.39,76.39
2022-03-28 14:53:00,76.12,76.3,76.12,76.3
2022-03-28 14:54:00,76.04,76.039,76.039,76.04
2022-03-28 14:55:00,75.87,76.01,75.87,76.01
2022-03-28 14:56:00,75.86,76.0,75.86,76.0
2022-03-28 14:57:00,75.9,75.88,75.88,75.9
2022-03-28 14:58:00,75.91,75.88,75.88,75.91
2022-03-28 14:59:00,75.74,75.741,75.74,75.741
2022-03-28 15:00:00,75.57,75.75,75.57,75.78
2022-03-28 15:01:00,75.47,75.58,75.47,75.61
2022-03-28 15:02:00,75.46,75.485,75.41,75.489
2022-03-28 15:03:00,75.35,75.42,75.35,75.5
2022-03-28 15:04:00,75.369,75.33,75.24,75.38
2022-03-28 15:05:00,75.36,75.35,75.35,75.36
2022-03-28 15:06:00,75.26,75.29,75.14,75.29
2022-03-28 15:07:00,75.4,75.4,75.4,75.4
2022-03-28 15:08:00,75.39,75.45,75.39,75.45
2022-03-28 15:09:00,75.46,75.39,75.39,75.46
2022-03-28 15:10:00,75.49,75.51,75.49,75.53
2022-03-28 15:11:00,75.55,75.61,75.53,75.61
2022-03-28 15:12:00,75.54,75.56,75.53,75.59
2022-03-28 15:13:00,75.53,75.57,75.53,75.57
2022-03-28 15:14:00,75.53,75.57,75.53,75.57
2022-03-28 15:15:00,75.46,75.41,75.41,75.46
2022-03-28 15:16:00,75.299,75.42,75.28,75.42
2022-03-28 15:17:00,75.3,75.3,75.3,75.31
2022-03-28 15:18:00,75.51,75.42,75.41,75.51
2022-03-28 15:19:00,75.42,75.42,75.42,75.42
2022-03-28 15:20:00,75.2,75.35,75.2,75.35
2022-03-28 15:21:00,75.0,75.13,75.0,75.13
2022-03-28 15:22:00,74.89,75.0,74.86,75.0
2022-03-28 15:23:00,74.66,74.88,74.66,74.98
2022-03-28 15:24:00,74.44,74.73,74.39,74.73
2022-03-28 15:25:00,74.569,74.5,74.44,74.59
2022-03-28 15:26:00,74.67,74.5,74.47,74.67
2022-03-28 15:27:00,74.7,74.68,74.61,74.729
2022-03-28 15:28:00,74.73,74.71,74.71,74.75
2022-03-28 15:29:00,74.82,74.79,74.78,74.83
2022-03-28 15:30:00,74.75,74.74,74.71,74.75
2022-03-28 15:31:00,74.68,74.75,74.68,74.75
2022-03-28 15:32:00,74.45,74.67,74.45,74.67
2022-03-28 15:33:00,74.56,74.54,74.53,74.56
2022-03-28 15:34:00,74.57,74.598,74.55,74.598
2022-03-28 15:35:00,74.52,74.57,74.49,74.57
2022-03-28 15:36:00,74.51,74.51,74.5,74.51
2022-03-28 15:37:00,74.42,74.51,74.42,74.51
2022-03-28 15:38:00,74.24,74.43,74.24,74.449
2022-03-28 15:39:00,74.38,74.26,74.15,74.4
2022-03-28 15:40:00,74.46,74.405,74.395,74.46
2022-03-28 15:41:00,74.41,74.49,74.41,74.54
2022-03-28 15:42:00,74.38,74.45,74.38,74.45
2022-03-28 15:43:00,74.33,74.36,74.28,74.36
2022-03-28 15:44:00,74.2,74.33,74.2,74.35
2022-03-28 15:45:00,74.31,74.24,74.24,74.33
2022-03-28 15:46:00,74.28,74.28,74.27,74.34
2022-03-28 15:47:00,74.35,74.271,74.271,74.35
2022-03-28 15:48:00,74.42,74.36,74.34,74.42
2022-03-28 15:49:00,74.42,74.42,74.39,74.44
2022-03-28 15:50:00,74.48,74.44,74.429,74.48
2022-03-28 15:51:00,74.48,74.44,74.44,74.5
2022-03-28 15:52:00,74.36,74.47,74.36,74.48
2022-03-28 15:53:00,74.42,74.37,74.37,74.43
2022-03-28 15:54:00,74.41,74.41,74.39,74.47
2022-03-28 15:55:00,74.46,74.44,74.43,74.48
2022-03-28 15:56:00,74.48,74.445,74.44,74.505
2022-03-28 15:57:00,74.465,74.465,74.42,74.51
2022-03-28 15:58:00,74.495,74.47,74.45,74.56
2022-03-28 15:59:00,74.59,74.5,74.49,74.63
2022-03-28 16:00:00,74.53,74.57,74.53,74.61
2022-03-29 09:31:00,72.2,72.3,72.09,72.3
2022-03-29 09:32:00,72.14,72.19,72.14,72.32
2022-03-29 09:33:00,72.37,72.26,72.26,72.37
2022-03-29 09:34:00,72.29,72.35,72.2,72.38
2022-03-29 09:35:00,72.32,72.27,72.25,72.32
2022-03-29 09:36:00,72.46,72.31,72.31,72.49
2022-03-29 09:37:00,72.5,72.5,72.5,72.5
2022-03-29 09:38:00,72.51,72.44,72.34,72.51
2022-03-29 09:39:00,72.44,72.6,72.39,72.6
2022-03-29 09:40:00,72.51,72.35,72.35,72.51
2022-03-29 09:41:00,72.4,72.46,72.4,72.46
2022-03-29 09:42:00,72.48,72.4,72.4,72.51
2022-03-29 09:43:00,72.44,72.44,72.41,72.53
2022-03-29 09:44:00,72.62,72.38,72.38,72.62
2022-03-29 09:45:00,72.81,72.6,72.59,72.81
2022-03-29 09:46:00,73.16,73.02,72.94,73.16
2022-03-29 09:47:00,73.05,73.2,73.05,73.21
2022-03-29 09:48:00,73.07,73.18,73.07,73.2
2022-03-29 09:49:00,73.13,73.06,73.06,73.181
2022-03-29 09:50:00,73.3,73.1,73.1,73.32
2022-03-29 09:51:00,73.15,73.21,73.12,73.21
2022-03-29 09:52:00,73.13,73.14,73.13,73.28
2022-03-29 09:53:00,73.08,73.16,73.08,73.18
2022-03-29 09:54:00,73.1,73.13,73.1,73.13
2022-03-29 09:55:00,72.91,73.001,72.871,73.01
2022-03-29 09:56:00,73.21,72.92,72.92,73.21
2022-03-29 09:57:00,73.16,73.17,73.16,73.3
2022-03-29 09:58:00,73.15,73.1,73.1,73.17
2022-03-29 09:59:00,73.385,73.17,73.17,73.42
2022-03-29 10:00:00,73.38,73.4,73.38,73.47
2022-03-29 10:01:00,73.22,73.39,73.22,73.39
2022-03-29 10:02:00,73.1,73.15,73.07,73.15
2022-03-29 10:03:00,73.1,73.11,73.09,73.12
2022-03-29 10:04:00,73.26,73.17,73.17,73.28
2022-03-29 10:05:00,73.4,73.28,73.28,73.4
2022-03-29 10:06:00,73.25,73.32,73.25,73.32
2022-03-29 10:07:00,73.3,73.26,73.25,73.3
2022-03-29 10:08:00,73.22,73.37,73.22,73.39
2022-03-29 10:09:00,73.13,73.22,73.07,73.22
2022-03-29 10:10:00,73.13,73.07,73.07,73.13
2022-03-29 10:11:00,73.09,73.13,72.955,73.13
2022-03-29 10:12:00,73.36,73.19,73.19,73.38
2022-03-29 10:13:00,73.45,73.5,73.41,73.56
2022-03-29 10:14:00,73.47,73.48,73.43,73.54
2022-03-29 10:15:00,73.5,73.55,73.49,73.55
2022-03-29 10:16:00,73.66,73.67,73.64,73.71
2022-03-29 10:17:00,73.79,73.625,73.62,73.81
2022-03-29 10:18:00,73.74,73.8,73.74,73.8
2022-03-29 10:19:00,73.8,73.69,73.69,73.8
2022-03-29 10:20:00,73.9,73.9,73.9,73.9
2022-03-29 10:21:00,74.21,73.98,73.92,74.21
2022-03-29 10:22:00,74.15,74.14,74.14,74.15
2022-03-29 10:23:00,74.15,74.2,74.15,74.28
2022-03-29 10:24:00,74.15,74.14,74.13,74.17
2022-03-29 10:25:00,74.09,74.14,74.07,74.14
2022-03-29 10:26:00,74.14,74.08,74.08,74.14
2022-03-29 10:27:00,74.08,74.09,74.08,74.09
2022-03-29 10:28:00,74.2,74.15,74.15,74.2
2022-03-29 10:29:00,74.02,74.04,73.99,74.04
2022-03-29 10:30:00,74.0,73.96,73.94,74.0
2022-03-29 10:31:00,74.13,74.06,74.06,74.13
2022-03-29 10:32:00,74.03,74.05,73.98,74.05
2022-03-29 10:33:00,73.98,74.045,73.95,74.06
2022-03-29 10:34:00,74.03,73.98,73.97,74.03
2022-03-29 10:35:00,74.1,74.11,74.1,74.12
2022-03-29 10:36:00,74.1,74.08,74.06,74.1
2022-03-29 10:37:00,74.02,74.02,74.02,74.02
2022-03-29 10:38:00,74.13,74.02,74.01,74.13
2022-03-29 10:39:00,74.28,74.13,74.13,74.28
2022-03-29 10:40:00,74.41,74.41,74.37,74.42
2022-03-29 10:41:00,74.31,74.38,74.31,74.395
2022-03-29 10:42:00,74.51,74.3,74.24,74.51
2022-03-29 10:43:00,74.65,74.64,74.59,74.8
2022-03-29 10:44:00,74.59,74.59,74.47,74.62
2022-03-29 10:45:00,74.65,74.65,74.6,74.69
2022-03-29 10:46:00,74.48,74.49,74.4,74.49
2022-03-29 10:47:00,74.55,74.56,74.53,74.61
2022-03-29 10:48:00,74.65,74.53,74.53,74.65
2022-03-29 10:49:00,74.51,74.65,74.5,74.65
2022-03-29 10:50:00,74.61,74.59,74.59,74.71
2022-03-29 10:51:00,74.61,74.59,74.59,74.71
2022-03-29 10:52:00,74.64,74.62,74.6,74.65
2022-03-29 10:53:00,74.81,74.66,74.66,74.86
2022-03-29 10:54:00,74.74,74.78,74.72,74.8
2022-03-29 10:55:00,74.6,74.6,74.6,74.6
2022-03-29 10:56:00,74.55,74.54,74.54,74.55
2022-03-29 10:57:00,74.6,74.52,74.52,74.6
2022-03-29 10:58:00,74.52,74.51,74.51,74.52
2022-03-29 10:59:00,74.72,74.55,74.55,74.72
2022-03-29 11:00:00,74.72,74.55,74.55,74.72
2022-03-29 11:01:00,74.58,74.58,74.58,74.58
2022-03-29 11:02:00,74.68,74.65,74.65,74.68
2022-03-29 11:03:00,74.57,74.6,74.57,74.6
2022-03-29 11:04:00,74.6,74.59,74.59,74.6
2022-03-29 11:05:00,74.73,74.63,74.63,74.73
2022-03-29 11:06:00,74.73,74.63,74.63,74.73
2022-03-29 11:07:00,74.73,74.63,74.63,74.73
2022-03-29 11:08:00,74.57,74.61,74.57,74.61
2022-03-29 11:09:00,74.54,74.59,74.54,74.59
2022-03-29 11:10:00,74.33,74.31,74.31,74.33
2022-03-29 11:11:00,74.57,74.45,74.45,74.57
2022-03-29 11:12:00,74.46,74.46,74.39,74.55
2022-03-29 11:13:00,74.5,74.47,74.47,74.54
2022-03-29 11:14:00,74.49,74.53,74.47,74.54
2022-03-29 11:15:00,74.55,74.54,74.54,74.55
2022-03-29 11:16:00,74.57,74.69,74.57,74.69
2022-03-29 11:17:00,74.57,74.69,74.57,74.69
2022-03-29 11:18:00,74.33,74.45,74.33,74.45
2022-03-29 11:19:00,74.38,74.37,74.37,74.38
2022-03-29 11:20:00,74.38,74.37,74.37,74.38
2022-03-29 11:21:00,74.49,74.4,74.38,74.49
2022-03-29 11:22:00,74.49,74.5,74.49,74.5
2022-03-29 11:23:00,74.56,74.55,74.55,74.56
2022-03-29 11:24:00,74.86,74.65,74.65,74.87
2022-03-29 11:25:00,74.85,74.83,74.79,74.85
2022-03-29 11:26:00,74.78,74.75,74.73,74.78
2022-03-29 11:27:00,74.68,74.66,74.66,74.68
2022-03-29 11:28:00,74.785,74.785,74.785,74.785
2022-03-29 11:29:00,74.72,74.72,74.72,74.72
2022-03-29 11:30:00,74.87,74.87,74.87,75.0
2022-03-29 11:31:00,74.89,74.87,74.87,74.89
2022-03-29 11:32:00,74.84,74.87,74.84,74.87
2022-03-29 11:33:00,74.73,74.75,74.73,74.79
2022-03-29 11:34:00,74.7,74.76,74.68,74.76
2022-03-29 11:35:00,74.74,74.68,74.68,74.75
2022-03-29 11:36:00,74.6,74.6,74.6,74.6
2022-03-29 11:37:00,74.64,74.64,74.64,74.64
2022-03-29 11:38:00,74.45,74.52,74.45,74.52
2022-03-29 11:39:00,74.57,74.47,74.47,74.57
2022-03-29 11:40:00,74.69,74.63,74.63,74.78
2022-03-29 11:41:00,74.68,74.68,74.68,74.68
2022-03-29 11:42:00,74.63,74.69,74.63,74.69
2022-03-29 11:43:00,74.53,74.63,74.5,74.63
2022-03-29 11:44:00,74.53,74.53,74.53,74.53
2022-03-29 11:45:00,74.44,74.45,74.44,74.45
2022-03-29 11:46:00,74.45,74.48,74.45,74.48
2022-03-29 11:47:00,74.43,74.43,74.43,74.43
2022-03-29 11:48:00,74.5,74.5,74.5,74.5
2022-03-29 11:49:00,74.51,74.53,74.45,74.53
2022-03-29 11:50:00,74.66,74.66,74.66,74.66
2022-03-29 11:51:00,74.62,74.62,74.62,74.62
2022-03-29 11:52:00,74.61,74.61,74.61,74.61
2022-03-29 11:53:00,74.61,74.61,74.61,74.61
2022-03-29 11:54:00,74.52,74.61,74.48,74.61
2022-03-29 11:55:00,74.55,74.55,74.55,74.55
2022-03-29 11:56:00,74.47,74.46,74.46,74.47
2022-03-29 11:57:00,74.47,74.46,74.46,74.47
2022-03-29 11:58:00,74.4,74.42,74.4,74.42
2022-03-29 11:59:00,74.33,74.37,74.33,74.37
2022-03-29 12:00:00,74.27,74.32,74.27,74.32
2022-03-29 12:01:00,74.41,74.41,74.41,74.41
2022-03-29 12:02:00,74.54,74.53,74.53,74.54
2022-03-29 12:03:00,74.45,74.45,74.45,74.45
2022-03-29 12:04:00,74.39,74.39,74.39,74.39
2022-03-29 12:05:00,74.42,74.42,74.42,74.42
2022-03-29 12:06:00,74.44,74.43,74.38,74.44
2022-03-29 12:07:00,74.43,74.43,74.43,74.43
2022-03-29 12:08:00,74.38,74.44,74.38,74.44
2022-03-29 12:09:00,74.33,74.29,74.29,74.38
2022-03-29 12:10:00,74.33,74.29,74.29,74.38
2022-03-29 12:11:00,74.09,74.18,74.09,74.18
2022-03-29 12:12:00,74.24,74.21,74.21,74.24
2022-03-29 12:13:00,74.21,74.21,74.21,74.22
2022-03-29 12:14:00,74.14,74.2,74.14,74.24
2022-03-29 12:15:00,74.13,74.13,74.13,74.13
2022-03-29 12:16:00,74.14,74.21,74.14,74.21
2022-03-29 12:17:00,74.3,74.17,74.17,74.3
2022-03-29 12:18:00,74.26,74.26,74.26,74.26
2022-03-29 12:19:00,74.44,74.27,74.24,74.45
2022-03-29 12:20:00,74.4,74.4,74.4,74.4
2022-03-29 12:21:00,74.34,74.37,74.34,74.39
2022-03-29 12:22:00,74.335,74.335,74.335,74.335
2022-03-29 12:23:00,74.39,74.38,74.38,74.39
2022-03-29 12:24:00,74.42,74.42,74.42,74.42
2022-03-29 12:25:00,74.6,74.56,74.56,74.6
2022-03-29 12:26:00,74.55,74.55,74.55,74.55
2022-03-29 12:27:00,74.48,74.52,74.48,74.52
2022-03-29 12:28:00,74.53,74.53,74.53,74.53
2022-03-29 12:29:00,74.61,74.62,74.61,74.62
2022-03-29 12:30:00,74.72,74.64,74.64,74.72
2022-03-29 12:31:00,74.8,74.78,74.77,74.89
2022-03-29 12:32:00,74.7,74.73,74.7,74.76
2022-03-29 12:33:00,74.81,74.8,74.8,74.81
2022-03-29 12:34:00,74.87,74.8,74.8,74.87
2022-03-29 12:35:00,74.9,74.9,74.9,74.9
2022-03-29 12:36:00,74.81,74.85,74.81,74.85
2022-03-29 12:37:00,74.89,74.89,74.89,74.89
2022-03-29 12:38:00,74.89,74.89,74.89,74.89
2022-03-29 12:39:00,75.01,75.01,75.01,75.01
2022-03-29 12:40:00,74.99,75.04,74.99,75.04
2022-03-29 12:41:00,75.22,75.01,75.01,75.27
2022-03-29 12:42:00,75.21,75.21,75.17,75.22
2022-03-29 12:43:00,75.07,75.19,75.07,75.19
2022-03-29 12:44:00,75.05,75.1,75.05,75.1
2022-03-29 12:45:00,75.05,75.1,75.05,75.1
2022-03-29 12:46:00,75.05,75.12,75.05,75.12
2022-03-29 12:47:00,74.85,75.02,74.85,75.02
2022-03-29 12:48:00,74.93,74.93,74.93,74.93
2022-03-29 12:49:00,74.92,74.88,74.87,74.92
2022-03-29 12:50:00,74.87,74.87,74.87,74.87
2022-03-29 12:51:00,74.87,74.88,74.87,74.88
2022-03-29 12:52:00,75.05,74.92,74.92,75.05
2022-03-29 12:53:00,75.03,75.05,75.03,75.06
2022-03-29 12:54:00,74.92,74.92,74.92,74.92
2022-03-29 12:55:00,74.81,74.83,74.81,74.83
2022-03-29 12:56:00,74.8,74.82,74.79,74.82
2022-03-29 12:57:00,74.8,74.85,74.8,74.85
2022-03-29 12:58:00,74.8,74.8,74.79,74.82
2022-03-29 12:59:00,74.7,74.75,74.7,74.75
2022-03-29 13:00:00,74.71,74.71,74.71,74.71
2022-03-29 13:01:00,74.69,74.64,74.63,74.69
2022-03-29 13:02:00,74.67,74.72,74.67,74.72
2022-03-29 13:03:00,74.55,74.64,74.55,74.65
2022-03-29 13:04:00,74.59,74.58,74.58,74.59
2022-03-29 13:05:00,74.54,74.54,74.54,74.54
2022-03-29 13:06:00,74.54,74.54,74.54,74.54
2022-03-29 13:07:00,74.805,74.66,74.66,74.805
2022-03-29 13:08:00,74.8,74.8,74.8,74.8
2022-03-29 13:09:00,74.8,74.8,74.8,74.8
2022-03-29 13:10:00,74.81,74.81,74.81,74.82
2022-03-29 13:11:00,74.83,74.77,74.77,74.83
2022-03-29 13:12:00,74.93,74.93,74.93,74.93
2022-03-29 13:13:00,75.02,74.96,74.96,75.02
2022-03-29 13:14:00,75.02,75.04,75.02,75.04
2022-03-29 13:15:00,75.13,75.07,75.07,75.13
2022-03-29 13:16:00,75.13,75.07,75.07,75.13
2022-03-29 13:17:00,75.13,75.07,75.07,75.13
2022-03-29 13:18:00,75.215,75.15,75.15,75.215
2022-03-29 13:19:00,75.34,75.23,75.23,75.34
2022-03-29 13:20:00,75.32,75.33,75.25,75.335
2022-03-29 13:21:00,75.34,75.35,75.34,75.38
2022-03-29 13:22:00,75.38,75.31,75.3,75.41
2022-03-29 13:23:00,75.67,75.44,75.44,75.69
2022-03-29 13:24:00,75.48,75.53,75.47,75.53
2022-03-29 13:25:00,75.47,75.48,75.47,75.48
2022-03-29 13:26:00,75.32,75.41,75.32,75.41
2022-03-29 13:27:00,75.36,75.33,75.29,75.36
2022-03-29 13:28:00,75.33,75.38,75.33,75.38
2022-03-29 13:29:00,75.38,75.35,75.35,75.38
2022-03-29 13:30:00,75.38,75.39,75.35,75.39
2022-03-29 13:31:00,75.3,75.38,75.29,75.38
2022-03-29 13:32:00,75.37,75.34,75.34,75.37
2022-03-29 13:33:00,75.56,75.38,75.38,75.56
2022-03-29 13:34:00,75.575,75.57,75.55,75.575
2022-03-29 13:35:00,75.52,75.53,75.52,75.55
2022-03-29 13:36:00,75.68,75.55,75.55,75.68
2022-03-29 13:37:00,75.615,75.67,75.6,75.67
2022-03-29 13:38:00,75.63,75.6,75.6,75.65
2022-03-29 13:39:00,75.58,75.64,75.58,75.65
2022-03-29 13:40:00,75.63,75.63,75.63,75.63
2022-03-29 13:41:00,75.59,75.59,75.59,75.6
2022-03-29 13:42:00,75.6,75.58,75.58,75.665
2022-03-29 13:43:00,75.49,75.595,75.49,75.62
2022-03-29 13:44:00,75.53,75.51,75.51,75.53
2022-03-29 13:45:00,75.54,75.53,75.53,75.54
2022-03-29 13:46:00,75.58,75.56,75.56,75.58
2022-03-29 13:47:00,75.59,75.57,75.56,75.62
2022-03-29 13:48:00,75.69,75.6,75.6,75.69
2022-03-29 13:49:00,75.74,75.7,75.665,75.74
2022-03-29 13:50:00,75.96,75.77,75.77,75.97
2022-03-29 13:51:00,76.05,75.98,75.95,76.05
2022-03-29 13:52:00,76.01,76.03,76.01,76.05
2022-03-29 13:53:00,76.11,75.97,75.96,76.11
2022-03-29 13:54:00,76.11,76.15,76.11,76.16
2022-03-29 13:55:00,75.94,76.08,75.94,76.08
2022-03-29 13:56:00,75.92,75.94,75.92,75.96
2022-03-29 13:57:00,75.84,75.91,75.84,75.91
2022-03-29 13:58:00,75.91,75.86,75.86,75.91
2022-03-29 13:59:00,75.87,75.9,75.87,75.95
2022-03-29 14:00:00,75.88,75.9,75.87,75.9
2022-03-29 14:01:00,75.79,75.81,75.79,75.82
2022-03-29 14:02:00,75.79,75.81,75.79,75.82
2022-03-29 14:03:00,75.82,75.81,75.81,75.82
2022-03-29 14:04:00,75.76,75.76,75.76,75.76
2022-03-29 14:05:00,75.79,75.81,75.79,75.82
2022-03-29 14:06:00,75.87,75.78,75.78,75.87
2022-03-29 14:07:00,75.87,75.87,75.87,75.87
2022-03-29 14:08:00,76.06,76.08,76.0,76.08
2022-03-29 14:09:00,76.01,76.06,76.01,76.1
2022-03-29 14:10:00,75.97,75.99,75.97,75.99
2022-03-29 14:11:00,75.97,75.99,75.97,75.99
2022-03-29 14:12:00,75.97,75.99,75.97,75.99
2022-03-29 14:13:00,76.01,76.01,76.01,76.01
2022-03-29 14:14:00,76.01,76.01,76.01,76.01
2022-03-29 14:15:00,76.01,76.01,76.01,76.01
2022-03-29 14:16:00,76.04,75.97,75.97,76.04
2022-03-29 14:17:00,76.0,76.0,76.0,76.0
2022-03-29 14:18:00,76.0,76.05,76.0,76.05
2022-03-29 14:19:00,76.22,76.09,76.09,76.24
2022-03-29 14:20:00,76.3,76.21,76.21,76.42
2022-03-29 14:21:00,76.28,76.23,76.23,76.28
2022-03-29 14:22:00,76.3,76.3,76.3,76.3
2022-03-29 14:23:00,76.17,76.25,76.17,76.25
2022-03-29 14:24:00,76.04,76.12,76.04,76.12
2022-03-29 14:25:00,76.01,76.03,75.98,76.03
2022-03-29 14:26:00,76.07,75.95,75.94,76.07
2022-03-29 14:27:00,75.83,76.03,75.83,76.03
2022-03-29 14:28:00,75.85,75.77,75.75,75.87
2022-03-29 14:29:00,75.64,75.77,75.59,75.77
2022-03-29 14:30:00,75.64,75.67,75.64,75.69
2022-03-29 14:31:00,75.72,75.69,75.68,75.72
2022-03-29 14:32:00,75.56,75.64,75.56,75.64
2022-03-29 14:33:00,75.34,75.556,75.34,75.556
2022-03-29 14:34:00,75.3,75.26,75.26,75.32
2022-03-29 14:35:00,75.24,75.24,75.24,75.24
2022-03-29 14:36:00,75.26,75.26,75.26,75.26
2022-03-29 14:37:00,75.17,75.17,75.17,75.17
2022-03-29 14:38:00,75.17,75.17,75.17,75.17
2022-03-29 14:39:00,75.37,75.36,75.36,75.4
2022-03-29 14:40:00,75.41,75.4,75.39,75.43
2022-03-29 14:41:00,75.48,75.43,75.43,75.48
2022-03-29 14:42:00,75.48,75.43,75.43,75.48
2022-03-29 14:43:00,75.6,75.56,75.56,75.6
2022-03-29 14:44:00,75.6,75.6,75.6,75.6
2022-03-29 14:45:00,75.53,75.53,75.53,75.53
2022-03-29 14:46:00,75.48,75.49,75.48,75.52
2022-03-29 14:47:00,75.5,75.5,75.5,75.5
2022-03-29 14:48:00,75.46,75.46,75.46,75.46
2022-03-29 14:49:00,75.47,75.47,75.47,75.47
2022-03-29 14:50:00,75.53,75.48,75.48,75.53
2022-03-29 14:51:00,75.51,75.57,75.51,75.57
2022-03-29 14:52:00,75.49,75.44,75.44,75.49
2022-03-29 14:53:00,75.51,75.56,75.51,75.57
2022-03-29 14:54:00,75.66,75.54,75.54,75.66
2022-03-29 14:55:00,75.67,75.65,75.65,75.67
2022-03-29 14:56:00,75.7,75.71,75.7,75.75
2022-03-29 14:57:00,75.7,75.71,75.7,75.75
2022-03-29 14:58:00,75.7,75.71,75.7,75.75
2022-03-29 14:59:00,75.76,75.77,75.76,75.77
2022-03-29 15:00:00,75.76,75.74,75.74,75.76
2022-03-29 15:01:00,75.85,75.781,75.781,75.87
2022-03-29 15:02:00,75.86,75.88,75.86,75.88
2022-03-29 15:03:00,75.83,75.84,75.83,75.88
2022-03-29 15:04:00,75.83,75.83,75.83,75.83
2022-03-29 15:05:00,75.85,75.87,75.85,75.88
2022-03-29 15:06:00,75.86,75.89,75.86,75.89
2022-03-29 15:07:00,75.9,75.9,75.9,75.9
2022-03-29 15:08:00,75.9,75.87,75.87,75.92
2022-03-29 15:09:00,75.89,75.89,75.89,75.89
2022-03-29 15:10:00,75.911,75.91,75.91,75.92
2022-03-29 15:11:00,75.98,75.94,75.94,76.02
2022-03-29 15:12:00,75.97,75.97,75.97,75.97
2022-03-29 15:13:00,75.93,75.93,75.93,75.95
2022-03-29 15:14:00,75.92,75.92,75.92,75.92
2022-03-29 15:15:00,75.93,75.92,75.92,75.93
2022-03-29 15:16:00,75.93,75.94,75.93,75.94
2022-03-29 15:17:00,75.95,75.96,75.92,75.96
2022-03-29 15:18:00,75.95,75.94,75.92,75.95
2022-03-29 15:19:00,75.95,75.94,75.92,75.95
2022-03-29 15:20:00,75.94,75.94,75.94,75.94
2022-03-29 15:21:00,75.91,75.92,75.91,75.93
2022-03-29 15:22:00,75.9,75.91,75.9,75.92
2022-03-29 15:23:00,75.88,75.87,75.87,75.88
2022-03-29 15:24:00,75.95,75.98,75.95,75.98
2022-03-29 15:25:00,75.97,75.97,75.97,75.97
2022-03-29 15:26:00,76.03,75.99,75.99,76.03
2022-03-29 15:27:00,76.02,76.05,76.02,76.05
2022-03-29 15:28:00,76.01,76.01,76.01,76.01
2022-03-29 15:29:00,75.99,75.97,75.96,75.99
2022-03-29 15:30:00,75.97,75.97,75.93,75.97
2022-03-29 15:31:00,75.98,75.97,75.97,76.0
2022-03-29 15:32:00,76.01,76.0,75.99,76.01
2022-03-29 15:33:00,76.01,76.0,75.99,76.01
2022-03-29 15:34:00,76.01,76.01,76.01,76.01
2022-03-29 15:35:00,76.03,76.05,76.03,76.07
2022-03-29 15:36:00,76.02,76.02,76.02,76.02
2022-03-29 15:37:00,76.03,76.04,76.03,76.05
2022-03-29 15:38:00,76.03,75.98,75.97,76.03
2022-03-29 15:39:00,75.95,76.01,75.91,76.02
2022-03-29 15:40:00,75.94,75.92,75.915,75.94
2022-03-29 15:41:00,75.93,75.93,75.93,75.97
2022-03-29 15:42:00,75.98,75.96,75.96,75.98
2022-03-29 15:43:00,75.96,75.98,75.94,76.01
2022-03-29 15:44:00,75.96,75.95,75.94,75.96
2022-03-29 15:45:00,75.99,75.96,75.91,75.99
2022-03-29 15:46:00,76.0,76.01,76.0,76.015
2022-03-29 15:47:00,76.03,75.99,75.99,76.03
2022-03-29 15:48:00,76.08,76.07,76.07,76.13
2022-03-29 15:49:00,76.09,76.08,76.075,76.11
2022-03-29 15:50:00,76.09,76.07,76.07,76.09
2022-03-29 15:51:00,76.13,76.08,76.08,76.14
2022-03-29 15:52:00,76.18,76.13,76.13,76.18
2022-03-29 15:53:00,76.16,76.18,76.13,76.18
2022-03-29 15:54:00,76.16,76.16,76.15,76.17
2022-03-29 15:55:00,76.16,76.15,76.14,76.17
2022-03-29 15:56:00,76.16,76.14,76.14,76.17
2022-03-29 15:57:00,76.24,76.17,76.17,76.24
2022-03-29 15:58:00,76.25,76.22,76.22,76.26
2022-03-29 15:59:00,76.19,76.25,76.19,76.25
2022-03-29 16:00:00,76.15,76.18,76.12,76.18
2022-03-30 09:31:00,77.91,78.07,77.91,78.09
2022-03-30 09:32:00,78.01,78.05,78.0,78.05
2022-03-30 09:33:00,78.04,78.05,77.98,78.05
2022-03-30 09:34:00,78.17,78.0,77.96,78.17
2022-03-30 09:35:00,78.22,78.16,78.15,78.23
2022-03-30 09:36:00,78.21,78.2,78.2,78.23
2022-03-30 09:37:00,78.21,78.2,78.2,78.23
2022-03-30 09:38:00,78.48,78.36,78.36,78.48
2022-03-30 09:39:00,78.31,78.48,78.3,78.48
2022-03-30 09:40:00,78.45,78.45,78.45,78.45
2022-03-30 09:41:00,78.46,78.46,78.46,78.46
2022-03-30 09:42:00,78.39,78.45,78.39,78.45
2022-03-30 09:43:00,78.37,78.46,78.36,78.46
2022-03-30 09:44:00,78.35,78.35,78.35,78.35
2022-03-30 09:45:00,78.28,78.3,78.28,78.3
2022-03-30 09:46:00,78.39,78.36,78.36,78.39
2022-03-30 09:47:00,78.55,78.44,78.44,78.55
2022-03-30 09:48:00,78.44,78.47,78.44,78.47
2022-03-30 09:49:00,78.31,78.35,78.2,78.35
2022-03-30 09:50:00,78.27,78.25,78.25,78.27
2022-03-30 09:51:00,78.18,78.25,78.18,78.25
2022-03-30 09:52:00,78.39,78.39,78.39,78.39
2022-03-30 09:53:00,78.46,78.41,78.41,78.46
2022-03-30 09:54:00,78.7,78.5,78.5,78.7
2022-03-30 09:55:00,78.7,78.5,78.5,78.7
2022-03-30 09:56:00,78.62,78.63,78.62,78.63
2022-03-30 09:57:00,78.49,78.51,78.49,78.51
2022-03-30 09:58:00,78.5,78.46,78.46,78.51
2022-03-30 09:59:00,78.49,78.56,78.49,78.57
2022-03-30 10:00:00,78.52,78.47,78.46,78.52
2022-03-30 10:01:00,78.55,78.57,78.55,78.57
2022-03-30 10:02:00,78.51,78.57,78.51,78.59
2022-03-30 10:03:00,78.38,78.38,78.38,78.38
2022-03-30 10:04:00,78.43,78.45,78.43,78.45
2022-03-30 10:05:00,78.41,78.41,78.41,78.41
2022-03-30 10:06:00,78.41,78.41,78.41,78.41
2022-03-30 10:07:00,78.58,78.58,78.58,78.58
2022-03-30 10:08:00,78.58,78.58,78.58,78.58
2022-03-30 10:09:00,78.58,78.58,78.58,78.58
2022-03-30 10:10:00,78.25,78.269,78.21,78.269
2022-03-30 10:11:00,78.41,78.35,78.35,78.41
2022-03-30 10:12:00,78.38,78.429,78.38,78.429
2022-03-30 10:13:00,78.43,78.33,78.33,78.51
2022-03-30 10:14:00,78.4,78.4,78.4,78.4
2022-03-30 10:15:00,78.44,78.4,78.39,78.44
2022-03-30 10:16:00,78.44,78.4,78.39,78.44
2022-03-30 10:17:00,78.43,78.43,78.43,78.43
2022-03-30 10:18:00,78.4,78.4,78.4,78.4
2022-03-30 10:19:00,78.34,78.29,78.29,78.37
2022-03-30 10:20:00,78.34,78.29,78.29,78.37
2022-03-30 10:21:00,78.24,78.3,78.24,78.3
2022-03-30 10:22:00,78.34,78.29,78.29,78.34
2022-03-30 10:23:00,78.4,78.4,78.4,78.4
2022-03-30 10:24:00,78.39,78.39,78.39,78.39
2022-03-30 10:25:00,78.39,78.39,78.39,78.39
2022-03-30 10:26:00,78.4,78.4,78.4,78.4
2022-03-30 10:27:00,78.4,78.34,78.34,78.4
2022-03-30 10:28:00,78.4,78.34,78.34,78.4
2022-03-30 10:29:00,78.31,78.31,78.31,78.31
2022-03-30 10:30:00,78.35,78.31,78.3,78.35
2022-03-30 10:31:00,78.37,78.34,78.15,78.37
2022-03-30 10:32:00,78.3,78.3,78.3,78.3
2022-03-30 10:33:00,78.13,78.2,78.07,78.26
2022-03-30 10:34:00,78.05,77.93,77.93,78.05
2022-03-30 10:35:00,78.02,78.06,78.02,78.06
2022-03-30 10:36:00,78.0,78.05,78.0,78.05
2022-03-30 10:37:00,78.01,78.0,78.0,78.01
2022-03-30 10:38:00,77.99,77.99,77.99,77.99
2022-03-30 10:39:00,77.92,77.92,77.92,77.92
2022-03-30 10:40:00,77.92,77.92,77.92,77.92
2022-03-30 10:41:00,78.17,78.1,78.1,78.17
2022-03-30 10:42:00,78.17,78.1,78.1,78.17
2022-03-30 10:43:00,78.12,78.15,78.12,78.15
2022-03-30 10:44:00,78.12,78.15,78.12,78.15
2022-03-30 10:45:00,77.97,77.97,77.97,77.97
2022-03-30 10:46:00,78.16,78.16,78.16,78.16
2022-03-30 10:47:00,78.22,78.2,78.2,78.22
2022-03-30 10:48:00,78.3,78.26,78.26,78.3
2022-03-30 10:49:00,78.3,78.26,78.26,78.3
2022-03-30 10:50:00,78.24,78.24,78.24,78.24
2022-03-30 10:51:00,78.24,78.24,78.24,78.24
2022-03-30 10:52:00,78.17,78.17,78.17,78.17
2022-03-30 10:53:00,78.17,78.17,78.17,78.17
2022-03-30 10:54:00,78.25,78.25,78.25,78.25
2022-03-30 10:55:00,78.26,78.271,78.23,78.271
2022-03-30 10:56:00,78.44,78.18,78.18,78.44
2022-03-30 10:57:00,78.46,78.49,78.43,78.52
2022-03-30 10:58:00,78.45,78.45,78.45,78.45
2022-03-30 10:59:00,78.45,78.45,78.45,78.45
2022-03-30 11:00:00,78.43,78.43,78.43,78.43
2022-03-30 11:01:00,78.515,78.515,78.515,78.515
2022-03-30 11:02:00,78.55,78.54,78.54,78.56
2022-03-30 11:03:00,78.61,78.61,78.61,78.61
2022-03-30 11:04:00,78.54,78.5,78.5,78.54
2022-03-30 11:05:00,78.54,78.5,78.5,78.54
2022-03-30 11:06:00,78.54,78.5,78.5,78.54
2022-03-30 11:07:00,78.56,78.56,78.56,78.56
2022-03-30 11:08:00,78.49,78.49,78.49,78.49
2022-03-30 11:09:00,78.42,78.42,78.42,78.42
2022-03-30 11:10:00,78.38,78.39,78.38,78.45
2022-03-30 11:11:00,78.36,78.36,78.36,78.36
2022-03-30 11:12:00,78.36,78.36,78.36,78.36
2022-03-30 11:13:00,78.36,78.35,78.35,78.36
2022-03-30 11:14:00,78.37,78.42,78.37,78.45
2022-03-30 11:15:00,78.39,78.35,78.35,78.39
2022-03-30 11:16:00,78.34,78.335,78.335,78.34
2022-03-30 11:17:00,78.3,78.3,78.3,78.3
2022-03-30 11:18:00,78.21,78.31,78.21,78.31
2022-03-30 11:19:00,78.16,78.16,78.16,78.16
2022-03-30 11:20:00,78.16,78.16,78.16,78.16
2022-03-30 11:21:00,78.1,78.1,78.1,78.1
2022-03-30 11:22:00,78.08,78.11,78.06,78.11
2022-03-30 11:23:00,78.26,78.26,78.26,78.26
2022-03-30 11:24:00,78.09,78.11,78.09,78.12
2022-03-30 11:25:00,77.87,77.97,77.71,77.97
2022-03-30 11:26:00,77.81,77.87,77.73,77.87
2022-03-30 11:27:00,77.86,77.86,77.86,77.86
2022-03-30 11:28:00,77.97,77.9,77.89,77.97
2022-03-30 11:29:00,78.09,78.05,78.03,78.09
2022-03-30 11:30:00,78.02,78.16,78.02,78.16
2022-03-30 11:31:00,78.06,78.07,78.05,78.07
2022-03-30 11:32:00,78.06,78.07,78.05,78.07
2022-03-30 11:33:00,78.12,78.08,78.07,78.12
2022-03-30 11:34:00,78.13,78.13,78.13,78.13
2022-03-30 11:35:00,78.15,78.08,78.08,78.15
2022-03-30 11:36:00,78.12,78.08,78.07,78.14
2022-03-30 11:37:00,78.07,78.07,78.07,78.07
2022-03-30 11:38:00,78.07,78.07,78.07,78.07
2022-03-30 11:39:00,77.99,78.01,77.99,78.01
2022-03-30 11:40:00,78.05,78.05,78.05,78.05
2022-03-30 11:41:00,78.2,78.2,78.2,78.2
2022-03-30 11:42:00,78.14,78.14,78.14,78.14
2022-03-30 11:43:00,78.17,78.17,78.17,78.17
2022-03-30 11:44:00,78.17,78.17,78.17,78.17
2022-03-30 11:45:00,78.17,78.2,78.17,78.21
2022-03-30 11:46:00,78.25,78.22,78.22,78.25
2022-03-30 11:47:00,78.25,78.22,78.22,78.25
2022-03-30 11:48:00,78.08,78.14,78.08,78.14
2022-03-30 11:49:00,78.12,78.09,78.09,78.12
2022-03-30 11:50:00,78.18,78.18,78.18,78.18
2022-03-30 11:51:00,78.31,78.2,78.2,78.31
2022-03-30 11:52:00,78.38,78.3,78.3,78.38
2022-03-30 11:53:00,78.37,78.38,78.36,78.38
2022-03-30 11:54:00,78.25,78.25,78.25,78.25
2022-03-30 11:55:00,78.25,78.25,78.25,78.25
2022-03-30 11:56:00,78.25,78.25,78.25,78.25
2022-03-30 11:57:00,78.25,78.25,78.25,78.25
2022-03-30 11:58:00,78.25,78.25,78.25,78.25
2022-03-30 11:59:00,78.22,78.23,78.22,78.255
2022-03-30 12:00:00,78.22,78.23,78.22,78.255
2022-03-30 12:01:00,78.29,78.29,78.29,78.29
2022-03-30 12:02:00,78.24,78.24,78.24,78.24
2022-03-30 12:03:00,78.2,78.2,78.2,78.2
2022-03-30 12:04:00,78.2,78.2,78.2,78.2
2022-03-30 12:05:00,78.15,78.2,78.15,78.2
2022-03-30 12:06:00,78.15,78.2,78.15,78.2
2022-03-30 12:07:00,78.15,78.2,78.15,78.2
2022-03-30 12:08:00,78.21,78.21,78.21,78.21
2022-03-30 12:09:00,78.21,78.21,78.21,78.21
2022-03-30 12:10:00,78.21,78.21,78.21,78.21
2022-03-30 12:11:00,78.21,78.21,78.21,78.21
2022-03-30 12:12:00,78.15,78.15,78.15,78.15
2022-03-30 12:13:00,78.19,78.19,78.19,78.19
2022-03-30 12:14:00,78.19,78.19,78.19,78.19
2022-03-30 12:15:00,78.19,78.19,78.19,78.19
2022-03-30 12:16:00,78.33,78.33,78.33,78.33
2022-03-30 12:17:00,78.32,78.32,78.32,78.32
2022-03-30 12:18:00,78.31,78.35,78.31,78.35
2022-03-30 12:19:00,78.21,78.23,78.2,78.23
2022-03-30 12:20:00,78.22,78.21,78.21,78.22
2022-03-30 12:21:00,78.22,78.21,78.21,78.22
2022-03-30 12:22:00,78.23,78.23,78.23,78.23
2022-03-30 12:23:00,78.19,78.19,78.19,78.2
2022-03-30 12:24:00,78.14,78.17,78.14,78.2
2022-03-30 12:25:00,78.14,78.17,78.14,78.2
2022-03-30 12:26:00,78.0,78.03,78.0,78.03
2022-03-30 12:27:00,78.0,78.03,78.0,78.03
2022-03-30 12:28:00,78.0,78.03,78.0,78.03
2022-03-30 12:29:00,77.91,78.02,77.91,78.02
2022-03-30 12:30:00,77.88,77.86,77.86,77.9
2022-03-30 12:31:00,77.99,77.92,77.92,77.99
2022-03-30 12:32:00,77.9,77.9,77.9,77.9
2022-03-30 12:33:00,77.9,77.9,77.9,77.9
2022-03-30 12:34:00,77.9,77.9,77.9,77.9
2022-03-30 12:35:00,77.92,77.89,77.89,77.92
2022-03-30 12:36:00,77.88,77.91,77.86,77.91
2022-03-30 12:37:00,77.88,77.86,77.85,77.88
2022-03-30 12:38:00,77.58,77.87,77.55,77.87
2022-03-30 12:39:00,77.42,77.57,77.35,77.57
2022-03-30 12:40:00,77.45,77.45,77.42,77.48
2022-03-30 12:41:00,77.52,77.5,77.5,77.52
2022-03-30 12:42:00,77.56,77.58,77.56,77.58
2022-03-30 12:43:00,77.56,77.58,77.56,77.58
2022-03-30 12:44:00,77.56,77.58,77.56,77.58
2022-03-30 12:45:00,77.56,77.58,77.56,77.58
2022-03-30 12:46:00,77.67,77.67,77.67,77.67
2022-03-30 12:47:00,77.65,77.65,77.65,77.65
2022-03-30 12:48:00,77.62,77.62,77.62,77.62
2022-03-30 12:49:00,77.53,77.62,77.51,77.62
2022-03-30 12:50:00,77.62,77.56,77.56,77.62
2022-03-30 12:51:00,77.62,77.61,77.6,77.62
2022-03-30 12:52:00,77.55,77.58,77.53,77.58
2022-03-30 12:53:00,77.54,77.53,77.53,77.54
2022-03-30 12:54:00,77.54,77.53,77.53,77.54
2022-03-30 12:55:00,77.54,77.53,77.53,77.54
2022-03-30 12:56:00,77.45,77.49,77.45,77.49
2022-03-30 12:57:00,77.52,77.51,77.51,77.52
2022-03-30 12:58:00,77.45,77.45,77.45,77.45
2022-03-30 12:59:00,77.47,77.47,77.47,77.47
2022-03-30 13:00:00,77.47,77.47,77.47,77.47
2022-03-30 13:01:00,77.47,77.47,77.47,77.47
2022-03-30 13:02:00,77.46,77.53,77.46,77.53
2022-03-30 13:03:00,77.45,77.45,77.45,77.45
2022-03-30 13:04:00,77.33,77.34,77.3,77.34
2022-03-30 13:05:00,77.41,77.41,77.41,77.41
2022-03-30 13:06:00,77.45,77.45,77.45,77.45
2022-03-30 13:07:00,77.52,77.48,77.48,77.54
2022-03-30 13:08:00,77.53,77.52,77.52,77.53
2022-03-30 13:09:00,77.58,77.54,77.54,77.6
2022-03-30 13:10:00,77.59,77.59,77.59,77.59
2022-03-30 13:11:00,77.595,77.595,77.595,77.595
2022-03-30 13:12:00,77.63,77.67,77.63,77.67
2022-03-30 13:13:00,77.65,77.65,77.65,77.65
2022-03-30 13:14:00,77.65,77.65,77.65,77.65
2022-03-30 13:15:00,77.65,77.65,77.65,77.65
2022-03-30 13:16:00,77.82,77.82,77.82,77.82
2022-03-30 13:17:00,77.82,77.82,77.82,77.82
2022-03-30 13:18:00,77.84,77.8,77.8,77.84
2022-03-30 13:19:00,77.85,77.82,77.82,77.85
2022-03-30 13:20:00,77.79,77.79,77.79,77.79
2022-03-30 13:21:00,77.79,77.79,77.79,77.79
2022-03-30 13:22:00,77.76,77.76,77.76,77.76
2022-03-30 13:23:00,77.75,77.75,77.75,77.75
2022-03-30 13:24:00,77.75,77.75,77.75,77.75
2022-03-30 13:25:00,77.75,77.75,77.75,77.75
2022-03-30 13:26:00,77.75,77.75,77.75,77.75
2022-03-30 13:27:00,77.63,77.61,77.61,77.67
2022-03-30 13:28:00,77.63,77.63,77.63,77.63
2022-03-30 13:29:00,77.63,77.63,77.63,77.63
2022-03-30 13:30:00,77.63,77.63,77.63,77.63
2022-03-30 13:31:00,77.61,77.66,77.6,77.66
2022-03-30 13:32:00,77.57,77.57,77.57,77.57
2022-03-30 13:33:00,77.57,77.57,77.57,77.57
2022-03-30 13:34:00,77.46,77.45,77.45,77.48
2022-03-30 13:35:00,77.47,77.52,77.46,77.52
2022-03-30 13:36:00,77.52,77.45,77.45,77.52
2022-03-30 13:37:00,77.52,77.45,77.45,77.52
2022-03-30 13:38:00,77.52,77.45,77.45,77.52
2022-03-30 13:39:00,77.68,77.71,77.68,77.71
2022-03-30 13:40:00,77.71,77.71,77.71,77.71
2022-03-30 13:41:00,77.77,77.77,77.77,77.77
2022-03-30 13:42:00,77.78,77.755,77.755,77.78
2022-03-30 13:43:00,77.75,77.75,77.75,77.75
2022-03-30 13:44:00,77.75,77.75,77.75,77.75
2022-03-30 13:45:00,77.75,77.75,77.75,77.75
2022-03-30 13:46:00,77.75,77.75,77.75,77.75
2022-03-30 13:47:00,77.79,77.79,77.79,77.79
2022-03-30 13:48:00,77.79,77.79,77.79,77.79
2022-03-30 13:49:00,77.78,77.78,77.78,77.78
2022-03-30 13:50:00,77.82,77.82,77.82,77.82
2022-03-30 13:51:00,77.7,77.7,77.7,77.7
2022-03-30 13:52:00,77.71,77.72,77.71,77.72
2022-03-30 13:53:00,77.73,77.73,77.73,77.73
2022-03-30 13:54:00,77.73,77.73,77.73,77.73
2022-03-30 13:55:00,77.73,77.73,77.73,77.73
2022-03-30 13:56:00,77.68,77.68,77.68,77.68
2022-03-30 13:57:00,77.67,77.685,77.67,77.685
2022-03-30 13:58:00,77.7,77.7,77.7,77.7
2022-03-30 13:59:00,77.66,77.65,77.65,77.66
2022-03-30 14:00:00,77.77,77.73,77.73,77.77
2022-03-30 14:01:00,77.77,77.73,77.73,77.77
2022-03-30 14:02:00,77.87,77.87,77.87,77.87
2022-03-30 14:03:00,77.87,77.87,77.87,77.87
2022-03-30 14:04:00,77.74,77.83,77.74,77.83
2022-03-30 14:05:00,77.77,77.7,77.7,77.77
2022-03-30 14:06:00,77.77,77.77,77.77,77.77
2022-03-30 14:07:00,77.8,77.8,77.8,77.8
2022-03-30 14:08:00,77.8,77.8,77.8,77.8
2022-03-30 14:09:00,77.8,77.8,77.8,77.8
2022-03-30 14:10:00,77.84,77.84,77.84,77.84
2022-03-30 14:11:00,77.71,77.71,77.71,77.71
2022-03-30 14:12:00,77.71,77.71,77.71,77.71
2022-03-30 14:13:00,77.85,77.85,77.85,77.85
2022-03-30 14:14:00,77.85,77.85,77.85,77.85
2022-03-30 14:15:00,78.0,77.98,77.98,78.0
2022-03-30 14:16:00,78.0,77.98,77.98,78.0
2022-03-30 14:17:00,77.91,77.92,77.91,77.92
2022-03-30 14:18:00,77.87,77.87,77.87,77.87
2022-03-30 14:19:00,77.94,77.94,77.94,77.94
2022-03-30 14:20:00,77.94,77.94,77.94,77.94
2022-03-30 14:21:00,78.13,78.04,78.04,78.14
2022-03-30 14:22:00,78.14,78.2,78.14,78.2
2022-03-30 14:23:00,78.13,78.17,78.13,78.17
2022-03-30 14:24:00,78.13,78.17,78.13,78.17
2022-03-30 14:25:00,78.2,78.2,78.2,78.2
2022-03-30 14:26:00,78.21,78.22,78.21,78.22
2022-03-30 14:27:00,78.21,78.22,78.17,78.22
2022-03-30 14:28:00,78.32,78.26,78.26,78.41
2022-03-30 14:29:00,78.36,78.34,78.34,78.38
2022-03-30 14:30:00,78.345,78.34,78.34,78.345
2022-03-30 14:31:00,78.29,78.32,78.29,78.33
2022-03-30 14:32:00,78.28,78.28,78.28,78.28
2022-03-30 14:33:00,78.32,78.32,78.32,78.32
2022-03-30 14:34:00,78.3,78.29,78.29,78.3
2022-03-30 14:35:00,78.29,78.29,78.29,78.29
2022-03-30 14:36:00,78.28,78.28,78.28,78.28
2022-03-30 14:37:00,78.28,78.28,78.28,78.28
2022-03-30 14:38:00,78.3,78.3,78.3,78.3
2022-03-30 14:39:00,78.3,78.3,78.3,78.3
2022-03-30 14:40:00,78.3,78.3,78.3,78.3
2022-03-30 14:41:00,78.22,78.24,78.22,78.24
2022-03-30 14:42:00,78.22,78.22,78.22,78.22
2022-03-30 14:43:00,78.22,78.25,78.22,78.25
2022-03-30 14:44:00,78.23,78.23,78.23,78.23
2022-03-30 14:45:00,78.19,78.24,78.19,78.24
2022-03-30 14:46:00,78.14,78.14,78.14,78.14
2022-03-30 14:47:00,78.19,78.19,78.19,78.19
2022-03-30 14:48:00,78.19,78.19,78.19,78.19
2022-03-30 14:49:00,78.2,78.22,78.2,78.22
2022-03-30 14:50:00,78.21,78.19,78.19,78.21
2022-03-30 14:51:00,78.21,78.22,78.2,78.22
2022-03-30 14:52:00,78.16,78.21,78.16,78.21
2022-03-30 14:53:00,78.16,78.14,78.14,78.16
2022-03-30 14:54:00,78.165,78.18,78.15,78.18
2022-03-30 14:55:00,78.16,78.16,78.16,78.17
2022-03-30 14:56:00,78.19,78.19,78.18,78.19
2022-03-30 14:57:00,78.17,78.18,78.17,78.18
2022-03-30 14:58:00,78.18,78.19,78.18,78.19
2022-03-30 14:59:00,78.18,78.19,78.18,78.19
2022-03-30 15:00:00,78.141,78.13,78.12,78.141
2022-03-30 15:01:00,78.14,78.14,78.14,78.16
2022-03-30 15:02:00,78.13,78.13,78.13,78.13
2022-03-30 15:03:00,78.13,78.13,78.13,78.13
2022-03-30 15:04:00,78.115,78.1,78.1,78.115
2022-03-30 15:05:00,78.13,78.13,78.13,78.13
2022-03-30 15:06:00,78.07,78.09,78.07,78.09
2022-03-30 15:07:00,78.04,78.07,78.04,78.07
2022-03-30 15:08:00,78.04,78.07,78.04,78.07
2022-03-30 15:09:00,78.04,78.07,78.04,78.07
2022-03-30 15:10:00,78.01,78.03,78.01,78.03
2022-03-30 15:11:00,77.99,77.99,77.98,77.99
2022-03-30 15:12:00,77.99,77.99,77.99,77.99
2022-03-30 15:13:00,77.99,77.985,77.985,77.99
2022-03-30 15:14:00,78.0,78.0,78.0,78.0
2022-03-30 15:15:00,77.97,77.96,77.96,77.97
2022-03-30 15:16:00,77.96,77.96,77.92,77.96
2022-03-30 15:17:00,77.97,77.95,77.95,77.97
2022-03-30 15:18:00,77.95,77.95,77.95,77.95
2022-03-30 15:19:00,77.94,77.94,77.94,77.94
2022-03-30 15:20:00,77.89,77.89,77.89,77.89
2022-03-30 15:21:00,77.85,77.84,77.84,77.85
2022-03-30 15:22:00,77.85,77.85,77.85,77.85
2022-03-30 15:23:00,77.85,77.85,77.85,77.85
2022-03-30 15:24:00,77.79,77.83,77.79,77.83
2022-03-30 15:25:00,77.79,77.83,77.79,77.83
2022-03-30 15:26:00,77.84,77.86,77.84,77.86
2022-03-30 15:27:00,77.87,77.87,77.87,77.87
2022-03-30 15:28:00,77.85,77.88,77.85,77.885
2022-03-30 15:29:00,77.78,77.8,77.77,77.8
2022-03-30 15:30:00,77.88,77.79,77.79,77.88
2022-03-30 15:31:00,77.91,77.9,77.9,77.91
2022-03-30 15:32:00,77.9,77.89,77.89,77.9
2022-03-30 15:33:00,77.9,77.91,77.9,77.92
2022-03-30 15:34:00,77.85,77.85,77.85,77.85
2022-03-30 15:35:00,77.85,77.85,77.85,77.86
2022-03-30 15:36:00,77.96,77.86,77.85,77.96
2022-03-30 15:37:00,77.94,77.97,77.93,77.975
2022-03-30 15:38:00,77.9,77.94,77.9,77.94
2022-03-30 15:39:00,77.9,77.91,77.89,77.91
2022-03-30 15:40:00,77.93,77.91,77.91,77.94
2022-03-30 15:41:00,77.92,77.92,77.905,77.925
2022-03-30 15:42:00,77.91,77.92,77.9,77.92
2022-03-30 15:43:00,77.89,77.905,77.89,77.905
2022-03-30 15:44:00,77.93,77.89,77.89,77.93
2022-03-30 15:45:00,77.96,77.96,77.96,77.96
2022-03-30 15:46:00,77.965,77.98,77.955,77.99
2022-03-30 15:47:00,77.95,77.975,77.935,77.975
2022-03-30 15:48:00,77.945,77.95,77.94,77.95
2022-03-30 15:49:00,77.935,77.945,77.93,77.95
2022-03-30 15:50:00,77.92,77.93,77.92,77.95
2022-03-30 15:51:00,77.93,77.935,77.92,77.945
2022-03-30 15:52:00,77.89,77.915,77.89,77.915
2022-03-30 15:53:00,77.91,77.895,77.88,77.915
2022-03-30 15:54:00,77.96,77.91,77.91,77.96
2022-03-30 15:55:00,77.985,77.955,77.955,77.99
2022-03-30 15:56:00,77.97,77.98,77.96,77.985
2022-03-30 15:57:00,77.96,77.96,77.955,77.97
2022-03-30 15:58:00,77.985,78.0,77.98,78.03
2022-03-30 15:59:00,77.95,77.98,77.91,77.98
2022-03-30 16:00:00,77.91,77.94,77.87,77.95
2022-03-31 09:31:00,75.72,75.76,75.54,75.79
2022-03-31 09:32:00,75.81,75.73,75.65,75.81
2022-03-31 09:33:00,76.09,75.76,75.76,76.09
2022-03-31 09:34:00,76.3,76.22,76.22,76.37
2022-03-31 09:35:00,76.25,76.29,76.23,76.3
2022-03-31 09:36:00,76.18,76.24,76.14,76.3
2022-03-31 09:37:00,76.07,76.22,76.07,76.28
2022-03-31 09:38:00,76.1,76.16,76.1,76.2
2022-03-31 09:39:00,76.17,76.2,76.17,76.2
2022-03-31 09:40:00,76.14,76.17,76.02,76.17
2022-03-31 09:41:00,76.11,76.16,76.08,76.16
2022-03-31 09:42:00,76.28,76.1,76.08,76.28
2022-03-31 09:43:00,76.3,76.27,76.25,76.3
2022-03-31 09:44:00,76.29,76.24,76.24,76.29
2022-03-31 09:45:00,76.28,76.26,76.26,76.28
2022-03-31 09:46:00,76.24,76.15,76.15,76.24
2022-03-31 09:47:00,76.49,76.45,76.45,76.51
2022-03-31 09:48:00,76.45,76.55,76.45,76.55
2022-03-31 09:49:00,76.51,76.46,76.46,76.51
2022-03-31 09:50:00,76.67,76.49,76.49,76.67
2022-03-31 09:51:00,76.63,76.63,76.63,76.66
2022-03-31 09:52:00,76.79,76.59,76.59,76.79
2022-03-31 09:53:00,76.69,76.69,76.69,76.73
2022-03-31 09:54:00,76.67,76.66,76.65,76.77
2022-03-31 09:55:00,76.55,76.67,76.55,76.67
2022-03-31 09:56:00,76.6,76.53,76.52,76.6
2022-03-31 09:57:00,76.6,76.53,76.52,76.6
2022-03-31 09:58:00,76.529,76.52,76.52,76.529
2022-03-31 09:59:00,76.37,76.52,76.37,76.52
2022-03-31 10:00:00,76.49,76.43,76.43,76.49
2022-03-31 10:01:00,76.49,76.43,76.43,76.49
2022-03-31 10:02:00,76.49,76.43,76.43,76.49
2022-03-31 10:03:00,76.49,76.43,76.43,76.49
2022-03-31 10:04:00,76.25,76.35,76.22,76.35
2022-03-31 10:05:00,76.34,76.28,76.25,76.35
2022-03-31 10:06:00,76.12,76.29,76.1,76.29
2022-03-31 10:07:00,76.11,76.15,76.11,76.15
2022-03-31 10:08:00,76.1,76.12,76.1,76.12
2022-03-31 10:09:00,76.12,76.14,76.12,76.14
2022-03-31 10:10:00,76.0,76.09,76.0,76.12
2022-03-31 10:11:00,76.03,76.03,76.03,76.03
2022-03-31 10:12:00,76.07,76.0,75.99,76.07
2022-03-31 10:13:00,75.93,76.05,75.93,76.05
2022-03-31 10:14:00,76.01,76.01,76.01,76.01
2022-03-31 10:15:00,76.07,76.105,76.06,76.11
2022-03-31 10:16:00,76.01,76.01,76.01,76.03
2022-03-31 10:17:00,76.01,76.01,76.01,76.03
2022-03-31 10:18:00,75.98,75.98,75.98,75.98
2022-03-31 10:19:00,75.94,75.97,75.9,75.97
2022-03-31 10:20:00,75.93,75.93,75.93,75.96
2022-03-31 10:21:00,75.83,75.82,75.82,75.86
2022-03-31 10:22:00,75.88,75.85,75.84,75.89
2022-03-31 10:23:00,75.94,75.94,75.94,75.94
2022-03-31 10:24:00,75.94,75.94,75.94,75.94
2022-03-31 10:25:00,75.73,75.88,75.73,75.88
2022-03-31 10:26:00,75.67,75.72,75.67,75.72
2022-03-31 10:27:00,75.8,75.85,75.8,75.85
2022-03-31 10:28:00,75.72,75.73,75.72,75.73
2022-03-31 10:29:00,75.67,75.72,75.67,75.72
2022-03-31 10:30:00,75.7,75.68,75.66,75.7
2022-03-31 10:31:00,75.71,75.69,75.69,75.71
2022-03-31 10:32:00,75.68,75.68,75.68,75.68
2022-03-31 10:33:00,75.53,75.55,75.43,75.55
2022-03-31 10:34:00,75.62,75.61,75.61,75.62
2022-03-31 10:35:00,75.83,75.84,75.83,75.84
2022-03-31 10:36:00,75.88,75.84,75.84,75.9
2022-03-31 10:37:00,75.83,75.93,75.81,75.93
2022-03-31 10:38:00,75.95,75.93,75.93,75.95
2022-03-31 10:39:00,75.99,75.93,75.93,76.03
2022-03-31 10:40:00,75.99,75.93,75.93,76.03
2022-03-31 10:41:00,75.96,75.96,75.96,75.96
2022-03-31 10:42:00,76.12,76.12,76.12,76.12
2022-03-31 10:43:00,76.16,76.19,76.16,76.19
2022-03-31 10:44:00,76.13,76.13,76.13,76.13
2022-03-31 10:45:00,76.19,76.16,76.16,76.19
2022-03-31 10:46:00,76.18,76.18,76.18,76.18
2022-03-31 10:47:00,75.75,76.06,75.69,76.06
2022-03-31 10:48:00,75.63,75.7,75.45,75.73
2022-03-31 10:49:00,75.31,75.35,75.17,75.35
2022-03-31 10:50:00,75.3,75.41,75.3,75.52
2022-03-31 10:51:00,75.38,75.29,75.29,75.44
2022-03-31 10:52:00,75.13,75.31,75.12,75.41
2022-03-31 10:53:00,74.96,75.1,74.95,75.1
2022-03-31 10:54:00,74.98,74.9,74.82,75.08
2022-03-31 10:55:00,75.1,75.02,74.99,75.1
2022-03-31 10:56:00,75.02,75.1,75.02,75.1
2022-03-31 10:57:00,75.41,75.06,75.06,75.43
2022-03-31 10:58:00,75.4,75.43,75.4,75.45
2022-03-31 10:59:00,75.43,75.43,75.43,75.43
2022-03-31 11:00:00,75.56,75.475,75.475,75.56
2022-03-31 11:01:00,75.51,75.5,75.5,75.51
2022-03-31 11:02:00,75.73,75.58,75.58,75.73
2022-03-31 11:03:00,75.67,75.75,75.67,75.75
2022-03-31 11:04:00,75.69,75.63,75.63,75.69
2022-03-31 11:05:00,75.52,75.54,75.52,75.55
2022-03-31 11:06:00,75.61,75.64,75.61,75.64
2022-03-31 11:07:00,75.58,75.56,75.56,75.58
2022-03-31 11:08:00,75.57,75.57,75.57,75.57
2022-03-31 11:09:00,75.85,75.8,75.8,75.85
2022-03-31 11:10:00,75.9,75.79,75.79,75.9
2022-03-31 11:11:00,75.97,75.9,75.87,76.015
2022-03-31 11:12:00,75.89,75.94,75.89,75.94
2022-03-31 11:13:00,76.02,75.99,75.95,76.02
2022-03-31 11:14:00,75.92,76.06,75.92,76.06
2022-03-31 11:15:00,75.82,75.82,75.82,75.82
2022-03-31 11:16:00,75.82,75.86,75.81,75.86
2022-03-31 11:17:00,75.78,75.78,75.77,75.8
2022-03-31 11:18:00,75.91,75.91,75.91,75.91
2022-03-31 11:19:00,75.84,75.91,75.81,75.91
2022-03-31 11:20:00,75.84,75.84,75.84,75.84
2022-03-31 11:21:00,75.66,75.76,75.66,75.76
2022-03-31 11:22:00,75.7,75.67,75.67,75.7
2022-03-31 11:23:00,75.65,75.67,75.65,75.67
2022-03-31 11:24:00,75.66,75.66,75.66,75.66
2022-03-31 11:25:00,75.66,75.66,75.66,75.66
2022-03-31 11:26:00,76.02,75.85,75.85,76.02
2022-03-31 11:27:00,76.1,76.12,76.08,76.12
2022-03-31 11:28:00,75.97,76.03,75.97,76.03
2022-03-31 11:29:00,75.97,76.03,75.97,76.03
2022-03-31 11:30:00,75.89,75.89,75.89,75.89
2022-03-31 11:31:00,75.75,75.89,75.74,75.89
2022-03-31 11:32:00,75.94,75.94,75.94,75.94
2022-03-31 11:33:00,75.96,75.96,75.96,75.96
2022-03-31 11:34:00,75.88,75.88,75.88,75.88
2022-03-31 11:35:00,75.88,75.88,75.88,75.88
2022-03-31 11:36:00,76.0,76.0,76.0,76.0
2022-03-31 11:37:00,75.94,75.98,75.94,75.98
2022-03-31 11:38:00,76.01,76.01,76.01,76.01
2022-03-31 11:39:00,76.04,76.04,76.04,76.04
2022-03-31 11:40:00,76.11,76.1,76.1,76.11
2022-03-31 11:41:00,76.1,76.07,76.07,76.1
2022-03-31 11:42:00,75.93,75.93,75.93,75.93
2022-03-31 11:43:00,75.97,75.97,75.97,75.97
2022-03-31 11:44:00,76.29,75.96,75.96,76.29
2022-03-31 11:45:00,76.26,76.26,76.26,76.26
2022-03-31 11:46:00,76.19,76.19,76.19,76.19
2022-03-31 11:47:00,76.17,76.185,76.16,76.185
2022-03-31 11:48:00,76.19,76.2,76.19,76.2
2022-03-31 11:49:00,76.23,76.2,76.2,76.27
2022-03-31 11:50:00,76.23,76.23,76.23,76.23
2022-03-31 11:51:00,76.06,76.115,76.06,76.115
2022-03-31 11:52:00,76.135,76.16,76.135,76.16
2022-03-31 11:53:00,76.21,76.16,76.16,76.21
2022-03-31 11:54:00,76.19,76.18,76.18,76.21
2022-03-31 11:55:00,76.19,76.18,76.18,76.21
2022-03-31 11:56:00,76.15,76.15,76.15,76.15
2022-03-31 11:57:00,76.09,76.14,76.09,76.14
2022-03-31 11:58:00,76.03,76.01,76.01,76.03
2022-03-31 11:59:00,76.0,76.03,76.0,76.03
2022-03-31 12:00:00,76.0,76.03,76.0,76.03
2022-03-31 12:01:00,76.15,76.13,76.13,76.16
2022-03-31 12:02:00,76.29,76.29,76.29,76.29
2022-03-31 12:03:00,76.255,76.27,76.255,76.27
2022-03-31 12:04:00,76.28,76.22,76.22,76.28
2022-03-31 12:05:00,76.28,76.22,76.22,76.28
2022-03-31 12:06:00,76.28,76.22,76.22,76.28
2022-03-31 12:07:00,76.14,76.14,76.14,76.14
2022-03-31 12:08:00,76.13,76.08,76.08,76.13
2022-03-31 12:09:00,76.09,76.09,76.09,76.09
2022-03-31 12:10:00,76.12,76.12,76.12,76.12
2022-03-31 12:11:00,76.14,76.12,76.12,76.14
2022-03-31 12:12:00,76.17,76.17,76.17,76.17
2022-03-31 12:13:00,76.28,76.28,76.28,76.28
2022-03-31 12:14:00,76.31,76.31,76.31,76.31
2022-03-31 12:15:00,76.45,76.33,76.33,76.45
2022-03-31 12:16:00,76.42,76.45,76.42,76.45
2022-03-31 12:17:00,76.37,76.37,76.37,76.37
2022-03-31 12:18:00,76.37,76.37,76.37,76.37
2022-03-31 12:19:00,76.37,76.37,76.37,76.37
2022-03-31 12:20:00,76.37,76.37,76.37,76.37
2022-03-31 12:21:00,76.41,76.41,76.41,76.41
2022-03-31 12:22:00,76.4,76.4,76.4,76.4
2022-03-31 12:23:00,76.35,76.41,76.35,76.41
2022-03-31 12:24:00,76.35,76.41,76.35,76.41
2022-03-31 12:25:00,76.37,76.39,76.37,76.39
2022-03-31 12:26:00,76.33,76.32,76.25,76.33
2022-03-31 12:27:00,76.33,76.32,76.25,76.33
2022-03-31 12:28:00,76.28,76.36,76.28,76.36
2022-03-31 12:29:00,76.22,76.24,76.22,76.24
2022-03-31 12:30:00,76.22,76.2,76.2,76.22
2022-03-31 12:31:00,76.29,76.29,76.29,76.29
2022-03-31 12:32:00,76.29,76.29,76.29,76.29
2022-03-31 12:33:00,76.24,76.24,76.24,76.24
2022-03-31 12:34:00,76.32,76.26,76.26,76.32
2022-03-31 12:35:00,76.33,76.31,76.31,76.33
2022-03-31 12:36:00,76.34,76.34,76.34,76.34
2022-03-31 12:37:00,76.455,76.33,76.33,76.46
2022-03-31 12:38:00,76.455,76.33,76.33,76.46
2022-03-31 12:39:00,76.4,76.4,76.4,76.4
2022-03-31 12:40:00,76.31,76.5,76.31,76.51
2022-03-31 12:41:00,76.13,76.34,76.12,76.34
2022-03-31 12:42:00,76.3,76.2,76.2,76.3
2022-03-31 12:43:00,76.26,76.26,76.26,76.26
2022-03-31 12:44:00,76.26,76.26,76.26,76.26
2022-03-31 12:45:00,76.26,76.26,76.26,76.26
2022-03-31 12:46:00,76.12,76.2,76.12,76.2
2022-03-31 12:47:00,76.09,76.11,76.09,76.11
2022-03-31 12:48:00,76.09,76.09,76.09,76.09
2022-03-31 12:49:00,76.09,76.09,76.09,76.1
2022-03-31 12:50:00,76.12,76.1,76.1,76.12
2022-03-31 12:51:00,76.07,76.11,76.07,76.11
2022-03-31 12:52:00,76.01,76.08,75.99,76.11
2022-03-31 12:53:00,75.77,75.94,75.77,75.94
2022-03-31 12:54:00,75.78,75.75,75.75,75.79
2022-03-31 12:55:00,75.84,75.76,75.76,75.84
2022-03-31 12:56:00,75.88,75.83,75.79,75.88
2022-03-31 12:57:00,75.93,75.93,75.91,75.93
2022-03-31 12:58:00,75.98,75.97,75.97,75.99
2022-03-31 12:59:00,75.99,76.005,75.99,76.02
2022-03-31 13:00:00,75.95,75.97,75.95,75.98
2022-03-31 13:01:00,75.93,75.96,75.93,75.96
2022-03-31 13:02:00,75.93,75.96,75.93,75.96
2022-03-31 13:03:00,75.83,75.87,75.83,75.87
2022-03-31 13:04:00,75.84,75.84,75.84,75.84
2022-03-31 13:05:00,75.73,75.76,75.73,75.76
2022-03-31 13:06:00,75.85,75.68,75.68,75.85
2022-03-31 13:07:00,75.81,75.81,75.8,75.82
2022-03-31 13:08:00,75.71,75.76,75.71,75.78
2022-03-31 13:09:00,75.68,75.67,75.67,75.68
2022-03-31 13:10:00,75.68,75.67,75.67,75.68
2022-03-31 13:11:00,75.68,75.67,75.67,75.68
2022-03-31 13:12:00,75.68,75.67,75.67,75.68
2022-03-31 13:13:00,75.68,75.67,75.67,75.68
2022-03-31 13:14:00,75.68,75.67,75.67,75.68
2022-03-31 13:15:00,75.67,75.67,75.67,75.67
2022-03-31 13:16:00,75.52,75.54,75.49,75.54
2022-03-31 13:17:00,75.5,75.5,75.47,75.51
2022-03-31 13:18:00,75.38,75.52,75.37,75.54
2022-03-31 13:19:00,75.37,75.36,75.3,75.38
2022-03-31 13:20:00,75.36,75.36,75.36,75.36
2022-03-31 13:21:00,75.4,75.38,75.38,75.4
2022-03-31 13:22:00,75.55,75.54,75.54,75.55
2022-03-31 13:23:00,75.56,75.56,75.56,75.56
2022-03-31 13:24:00,75.58,75.58,75.58,75.58
2022-03-31 13:25:00,75.55,75.59,75.55,75.59
2022-03-31 13:26:00,75.51,75.51,75.51,75.51
2022-03-31 13:27:00,75.55,75.53,75.5,75.55
2022-03-31 13:28:00,75.63,75.56,75.56,75.63
2022-03-31 13:29:00,75.61,75.6,75.59,75.61
2022-03-31 13:30:00,75.54,75.54,75.54,75.54
2022-03-31 13:31:00,75.52,75.52,75.52,75.52
2022-03-31 13:32:00,75.27,75.49,75.25,75.49
2022-03-31 13:33:00,75.21,75.33,75.21,75.33
2022-03-31 13:34:00,75.26,75.26,75.26,75.26
2022-03-31 13:35:00,75.34,75.34,75.34,75.34
2022-03-31 13:36:00,75.33,75.36,75.33,75.36
2022-03-31 13:37:00,75.33,75.36,75.33,75.36
2022-03-31 13:38:00,75.38,75.38,75.38,75.38
2022-03-31 13:39:00,75.395,75.42,75.37,75.42
2022-03-31 13:40:00,75.395,75.42,75.37,75.42
2022-03-31 13:41:00,75.29,75.33,75.25,75.33
2022-03-31 13:42:00,75.29,75.33,75.25,75.33
2022-03-31 13:43:00,75.22,75.23,75.22,75.23
2022-03-31 13:44:00,75.22,75.23,75.22,75.23
2022-03-31 13:45:00,75.39,75.36,75.36,75.39
2022-03-31 13:46:00,75.485,75.42,75.42,75.49
2022-03-31 13:47:00,75.485,75.42,75.42,75.49
2022-03-31 13:48:00,75.485,75.42,75.42,75.49
2022-03-31 13:49:00,75.485,75.42,75.42,75.49
2022-03-31 13:50:00,75.3,75.3,75.3,75.3
2022-03-31 13:51:00,75.14,75.26,75.14,75.26
2022-03-31 13:52:00,75.15,75.14,75.13,75.16
2022-03-31 13:53:00,75.18,75.13,75.11,75.18
2022-03-31 13:54:00,75.17,75.17,75.17,75.17
2022-03-31 13:55:00,75.2,75.19,75.19,75.2
2022-03-31 13:56:00,75.18,75.24,75.09,75.24
2022-03-31 13:57:00,75.1,75.1,75.1,75.1
2022-03-31 13:58:00,75.05,75.1,75.05,75.1
2022-03-31 13:59:00,75.065,75.06,75.06,75.07
2022-03-31 14:00:00,75.27,75.18,75.15,75.27
2022-03-31 14:01:00,75.13,75.22,75.13,75.25
2022-03-31 14:02:00,75.04,75.13,75.04,75.16
2022-03-31 14:03:00,75.05,75.08,75.04,75.08
2022-03-31 14:04:00,75.04,75.03,75.03,75.04
2022-03-31 14:05:00,75.03,75.03,75.03,75.07
2022-03-31 14:06:00,74.99,75.02,74.99,75.04
2022-03-31 14:07:00,75.025,75.04,75.025,75.09
2022-03-31 14:08:00,74.9,75.02,74.9,75.03
2022-03-31 14:09:00,74.95,74.95,74.92,74.95
2022-03-31 14:10:00,74.85,74.89,74.8,74.89
2022-03-31 14:11:00,74.82,74.84,74.8,74.84
2022-03-31 14:12:00,74.88,74.84,74.84,74.95
2022-03-31 14:13:00,74.85,74.83,74.83,74.85
2022-03-31 14:14:00,74.85,74.85,74.85,74.85
2022-03-31 14:15:00,74.74,74.85,74.7,74.85
2022-03-31 14:16:00,74.74,74.78,74.74,74.83
2022-03-31 14:17:00,74.74,74.72,74.72,74.75
2022-03-31 14:18:00,74.66,74.78,74.66,74.78
2022-03-31 14:19:00,74.67,74.67,74.585,74.67
2022-03-31 14:20:00,74.72,74.68,74.65,74.72
2022-03-31 14:21:00,74.64,74.68,74.59,74.68
2022-03-31 14:22:00,74.71,74.655,74.655,74.71
2022-03-31 14:23:00,74.63,74.64,74.63,74.65
2022-03-31 14:24:00,74.49,74.61,74.49,74.635
2022-03-31 14:25:00,74.43,74.54,74.43,74.55
2022-03-31 14:26:00,74.4,74.49,74.35,74.53
2022-03-31 14:27:00,74.515,74.38,74.37,74.6
2022-03-31 14:28:00,74.32,74.35,74.28,74.35
2022-03-31 14:29:00,73.99,74.29,73.94,74.29
2022-03-31 14:30:00,73.6,73.97,73.35,73.97
2022-03-31 14:31:00,73.89,73.6,73.59,73.97
2022-03-31 14:32:00,73.95,73.9,73.9,73.96
2022-03-31 14:33:00,73.87,73.96,73.87,73.96
2022-03-31 14:34:00,73.94,73.96,73.94,73.96
2022-03-31 14:35:00,73.95,73.94,73.91,73.95
2022-03-31 14:36:00,73.93,73.91,73.9,73.95
2022-03-31 14:37:00,73.84,73.92,73.8,73.92
2022-03-31 14:38:00,73.82,73.84,73.78,73.85
2022-03-31 14:39:00,73.89,73.87,73.87,73.89
2022-03-31 14:40:00,73.92,73.84,73.84,73.94
2022-03-31 14:41:00,74.129,73.89,73.89,74.129
2022-03-31 14:42:00,74.085,74.15,74.08,74.15
2022-03-31 14:43:00,74.1,74.09,74.09,74.1
2022-03-31 14:44:00,74.15,74.1,74.07,74.15
2022-03-31 14:45:00,74.08,74.15,74.08,74.15
2022-03-31 14:46:00,74.23,74.07,74.07,74.23
2022-03-31 14:47:00,74.165,74.18,74.14,74.21
2022-03-31 14:48:00,74.11,74.14,74.1,74.14
2022-03-31 14:49:00,74.11,74.14,74.1,74.14
2022-03-31 14:50:00,74.25,74.14,74.14,74.25
2022-03-31 14:51:00,74.21,74.23,74.19,74.23
2022-03-31 14:52:00,74.15,74.15,74.12,74.16
2022-03-31 14:53:00,74.03,74.14,74.03,74.14
2022-03-31 14:54:00,74.07,74.08,74.07,74.09
2022-03-31 14:55:00,74.18,74.1,74.1,74.18
2022-03-31 14:56:00,74.17,74.17,74.17,74.17
2022-03-31 14:57:00,74.23,74.22,74.22,74.23
2022-03-31 14:58:00,74.24,74.215,74.215,74.24
2022-03-31 14:59:00,74.33,74.32,74.32,74.33
2022-03-31 15:00:00,74.33,74.33,74.32,74.36
2022-03-31 15:01:00,74.37,74.36,74.36,74.37
2022-03-31 15:02:00,74.37,74.37,74.37,74.37
2022-03-31 15:03:00,74.32,74.35,74.3,74.35
2022-03-31 15:04:00,74.35,74.3,74.29,74.35
2022-03-31 15:05:00,74.31,74.36,74.31,74.36
2022-03-31 15:06:00,74.34,74.34,74.34,74.34
2022-03-31 15:07:00,74.33,74.32,74.32,74.34
2022-03-31 15:08:00,74.31,74.26,74.26,74.31
2022-03-31 15:09:00,74.37,74.32,74.32,74.37
2022-03-31 15:10:00,74.32,74.29,74.28,74.32
2022-03-31 15:11:00,74.41,74.33,74.33,74.41
2022-03-31 15:12:00,74.33,74.33,74.33,74.33
2022-03-31 15:13:00,74.35,74.36,74.34,74.36
2022-03-31 15:14:00,74.33,74.35,74.33,74.35
2022-03-31 15:15:00,74.325,74.31,74.31,74.325
2022-03-31 15:16:00,74.35,74.33,74.31,74.35
2022-03-31 15:17:00,74.335,74.335,74.335,74.335
2022-03-31 15:18:00,74.33,74.32,74.32,74.34
2022-03-31 15:19:00,74.29,74.32,74.29,74.32
2022-03-31 15:20:00,74.3,74.3,74.3,74.3
2022-03-31 15:21:00,74.3,74.3,74.3,74.3
2022-03-31 15:22:00,74.4,74.31,74.31,74.4
2022-03-31 15:23:00,74.37,74.4,74.35,74.4
2022-03-31 15:24:00,74.39,74.34,74.34,74.395
2022-03-31 15:25:00,74.4,74.39,74.37,74.41
2022-03-31 15:26:00,74.44,74.41,74.41,74.44
2022-03-31 15:27:00,74.38,74.4,74.38,74.4
2022-03-31 15:28:00,74.4,74.38,74.38,74.4
2022-03-31 15:29:00,74.42,74.4,74.39,74.43
2022-03-31 15:30:00,74.41,74.42,74.405,74.43
2022-03-31 15:31:00,74.38,74.37,74.36,74.4
2022-03-31 15:32:00,74.33,74.38,74.33,74.39
2022-03-31 15:33:00,74.33,74.33,74.32,74.34
2022-03-31 15:34:00,74.34,74.31,74.3,74.34
2022-03-31 15:35:00,74.3,74.31,74.25,74.31
2022-03-31 15:36:00,74.35,74.3,74.3,74.35
2022-03-31 15:37:00,74.36,74.33,74.33,74.36
2022-03-31 15:38:00,74.37,74.35,74.35,74.38
2022-03-31 15:39:00,74.33,74.36,74.33,74.36
2022-03-31 15:40:00,74.31,74.32,74.3,74.33
2022-03-31 15:41:00,74.31,74.32,74.295,74.32
2022-03-31 15:42:00,74.29,74.27,74.27,74.29
2022-03-31 15:43:00,74.26,74.3,74.25,74.3
2022-03-31 15:44:00,74.3,74.25,74.25,74.31
2022-03-31 15:45:00,74.255,74.27,74.23,74.27
2022-03-31 15:46:00,74.27,74.26,74.26,74.29
2022-03-31 15:47:00,74.22,74.235,74.22,74.235
2022-03-31 15:48:00,74.24,74.21,74.18,74.24
2022-03-31 15:49:00,74.22,74.23,74.21,74.235
2022-03-31 15:50:00,74.235,74.21,74.2,74.25
2022-03-31 15:51:00,74.225,74.25,74.225,74.28
2022-03-31 15:52:00,74.22,74.24,74.22,74.27
2022-03-31 15:53:00,74.165,74.18,74.155,74.195
2022-03-31 15:54:00,74.165,74.17,74.13,74.17
2022-03-31 15:55:00,74.145,74.14,74.14,74.17
2022-03-31 15:56:00,74.13,74.15,74.06,74.17
2022-03-31 15:57:00,74.145,74.12,74.12,74.15
2022-03-31 15:58:00,74.11,74.15,74.1,74.155
2022-03-31 15:59:00,74.105,74.105,74.09,74.12
2022-03-31 16:00:00,74.12,74.11,74.1,74.12
